0.181301
0.183283
0.189356
0.291833
0.296697
0.336944
0.369545
0.868479
0.896034
1.1177
3.63339
6.52821
7.17472
8.99661
20.3524
27.6778
34.432
41.1297
42.7015
42.7145
42.9276
42.9805
50.6139
52.6025
57.9012
62.3792
64.9414
66.959
67.278
68.3035
74.2645
80.0585
82.7114
83.3982
95.0295
107.605
113.812
115.86
119.439
121.683
121.795
130.123
132.726
140.107
152.356
156.238
159.4
174.491
178.915
182.604
191.016
197.297
199.086
199.279
204.531
223.545
227.476
240.395
242.9
245.958
254.373
259.068
259.252
259.977
261.116
266.4
267.284
268.509
279.386
282.799
288.776
292.786
293.425
324.166
324.723
325.197
326.212
326.526
336.585
342.72
347.901
355.501
358.256
369.896
374.582
395.22
412.838
466.087
478.521
484.439
494.71
497.306
522.07
522.137
527.323
562.012
597.032
628.951
638.14
644.735
649.743
661.419
715.541
816.622
835.659
880.823
899.109
966.323
987.608
1045.46
1073.09
1090.98
1100.5
1136.06
1145.5
1148.35
1170.06
1187.18
1245.58
1246.46
1267.39
1294.54
1305.49
1309.42
1343.5
1447.78
1494.38
1503.58
1505.42
1506.7
1577.6
1606.86
1619.09
1670.13
1727.41
1742.22
1813.54
1829.34
1860.58
1877.47
1912.82
1913.83
2021.81
2133.13
2153.58
2232.99
2250.72
2294.6
2325.64
2402.24
2482.1
2554.81
2560.12
2595.78
2623.27
2657.94
2745.21
2784.23
2894.77
2963.09
3019.04
3169.71
3280.49
3374.84
3449.0
3454.19
3469.93
3494.26
3542.4
3683.48
3876.85
3991.47
3992.64
4102.93
4102.98
4109.64
4256.76
4302.68
4376.17
4505.04
4515.08
4592.35
4604.72
4864.63
4924.63
4934.71
5000.0
5000.0
5000.0
5000.0
5000.0
5000.0
5000.0
5000.0
5000.0
5000.0
5000.0
5000.0
5000.0
5000.0
5000.0
5000.0
5000.0
5000.0
5000.0
5000.0
5000.0
5000.0
5000.0
5000.0
5000.0
5000.0
5000.0
5000.0
5000.0
5000.0
5000.0
5000.0
5000.0
5000.0
5000.0
5000.0
5000.0
5000.0
5000.0
5000.0
5000.0
5000.0
5000.0
5000.0
5000.0
5000.0
5000.0
5000.0
5000.0
5000.0
5000.0
5000.0
5000.0
5000.0
5000.0
5000.0
5000.0
5000.0
5000.0
5000.0
5000.0
5000.0
5000.0
5000.0
5000.0
5000.0
5000.0
5000.0
5000.0
5000.0
5000.0
5000.0
5000.0
5000.0
5000.0
5000.0
5000.0
5000.0
5000.0
5000.0
5000.0
5000.0
5000.0
5000.0
5000.0
5000.0
5000.0
5000.0
5000.0
5000.0
5000.0
5000.0
5000.0
5000.0
5000.0
5000.0
5000.0
5000.0
5000.0
5000.0
5000.0
5000.0
5000.0
5000.0
5000.0
5000.0
5000.0
5000.0
5000.0
5000.0
5000.0
5000.0
5000.0
5000.0
5000.0
5000.0
5000.0
5000.0
5000.0
5000.0
5000.0
5000.0
5000.0
5000.0
5000.0
5000.0
5000.0
5000.0
5000.0
5000.0
5000.0
5000.0
5000.0
5000.0
5000.0
5000.0
5000.0
5000.0
5000.0
5000.0
5000.0
5000.0
5000.0
5000.0
5000.0
5000.0
5000.0
5000.0
5000.0
5000.0
5000.0
5000.0
5000.0
5000.0
5000.0
5000.0
5000.0
5000.0
5000.0
5000.0
5000.0
5000.0
5000.0
5000.0
5000.0
5000.0
5000.0
5000.0
5000.0
5000.0
5000.0
5000.0
5000.0
5000.0
5000.0
5000.0
5000.0
5000.0
5000.0
5000.0
5000.0
5000.0
5000.0
5000.0
5000.0
5000.0
5000.0
5000.0
5000.0
5000.0
5000.0
5000.0
5000.0
