0.202218
0.219799
0.238321
0.249824
0.281772
0.301085
0.33788
0.659937
0.809766
1.01542
1.07857
1.27408
1.68721
2.0355
6.74755
12.0808
17.1429
20.2196
21.6982
22.8426
26.972
33.7432
38.4106
39.0084
40.3602
42.3963
42.578
51.5357
53.5039
55.9387
60.0932
63.9989
64.1767
64.7284
65.1974
67.335
68.6054
69.9809
72.5721
77.2256
81.1174
83.4353
83.6159
86.5655
97.1633
104.716
104.981
109.193
112.001
118.76
118.92
124.998
128.957
134.96
143.844
144.143
149.682
157.72
157.997
158.201
161.581
168.782
179.685
180.706
182.005
192.409
194.8
195.18
197.055
206.278
209.712
223.617
223.811
227.725
228.104
238.151
240.442
262.13
276.378
283.854
286.094
286.828
287.454
289.909
297.637
302.686
311.194
316.591
322.193
338.851
352.008
355.743
358.645
369.285
369.392
408.335
414.266
435.469
437.879
438.914
443.087
447.328
462.367
480.495
481.479
488.302
493.283
503.428
507.841
525.624
537.438
550.551
569.035
590.872
601.629
629.68
660.901
675.032
685.053
685.777
687.176
687.211
688.275
692.731
702.524
719.91
752.664
764.76
767.23
777.734
779.689
804.743
813.773
820.255
834.426
845.915
929.886
971.907
979.305
984.714
1004.23
1004.66
1061.31
1085.34
1108.56
1216.8
1221.74
1234.69
1252.14
1255.35
1315.31
1442.35
1528.81
1571.66
1638.27
1669.0
1692.0
1700.2
1703.92
1704.17
1749.54
1799.09
1823.19
1900.94
1905.69
1942.46
1952.85
1961.47
1968.87
1999.97
2034.16
2058.65
2063.98
2068.5
2083.89
2170.32
2230.07
2291.46
2346.64
2421.45
2455.89
2580.76
2598.61
2678.33
2784.02
2801.44
2810.66
2906.91
2913.63
3080.45
3279.21
3284.92
3291.17
3337.14
3486.32
3767.71
3871.5
3937.85
3956.55
4074.06
4117.12
4213.37
4296.23
4331.59
4865.16
5000
5000
5000
5000
5000
5000
5000
5000
5000
5000
5000
5000
5000
5000
5000
5000
5000
5000
5000
5000
5000
5000
5000
5000
5000
5000
5000
5000
5000
5000
5000
5000
5000
5000
5000
5000
5000
5000
5000
5000
5000
5000
5000
5000
5000
5000
5000
5000
5000
5000
5000
5000
5000
5000
5000
5000
5000
5000
5000
5000
5000
5000
5000
5000
5000
5000
5000
5000
5000
5000
5000
5000
5000
5000
5000
5000
5000
5000
5000
5000
5000
5000
5000
5000
5000
5000
5000
5000
5000
5000
5000
5000
5000
5000
5000
5000
5000
5000
5000
5000
5000
5000
5000
5000
5000
5000
5000
5000
5000
5000
5000
5000
5000
5000
5000
5000
5000
5000
5000
5000
5000
5000
5000
5000
5000
5000
5000
5000
5000
5000
5000
5000
5000
5000
5000
5000
5000
5000
5000
5000
5000
5000
5000
5000
5000
5000
5000
5000
5000
5000
5000
5000
5000
5000
5000
5000
5000
5000
5000
5000
5000
5000
5000
5000
5000
5000
5000
5000
5000
5000
5000
5000
5000
5000
