0.398322
2.67529
5.32995
5.98465
6.26433
12.8121
20.702
28.0534
28.2793
32.4236
32.5761
33.7817
34.1061
38.1997
38.8546
41.1916
44.7164
44.9318
45.927
48.0865
49.7495
50.3615
50.8811
51.5201
51.5838
52.1941
55.9692
57.6275
57.8868
60.9389
62.6981
63.7901
67.4048
79.231
81.5225
81.6437
85.0837
86.9409
94.5937
95.9365
96.4434
111.739
113.542
114.023
115.578
116.798
121.342
125.011
129.488
133.445
145.452
148.864
155.527
156.106
168.941
175.474
188.087
191.214
194.498
197.184
200.874
206.001
207.216
211.731
213.401
217.894
244.262
271.172
275.542
279.299
285.871
291.075
303.323
321.88
324.165
332.611
336.203
336.857
351.441
354.331
365.937
367.533
374.922
381.261
385.095
387.362
395.368
398.121
402.157
424.86
426.211
469.034
482.248
498.802
502.978
505.014
537.02
589.508
592.07
595.878
643.874
658.406
660.314
673.796
687.697
704.335
726.777
730.321
734.244
781.353
809.192
811.1
811.551
814.385
842.472
855.157
885.656
893.961
937.342
951.772
959.994
965.253
983.777
989.528
1016.13
1026.29
1030.27
1038.23
1090.56
1196.65
1199.0
1207.54
1252.31
1316.12
1356.72
1375.04
1401.66
1451.51
1456.35
1477.36
1492.01
1563.78
1565.63
1596.95
1731.47
1761.66
1806.13
1811.36
1871.71
1887.82
1924.25
2022.94
2074.58
2092.42
2209.63
2222.4
2282.34
2349.13
2360.9
2538.21
2666.79
2687.99
2723.16
2745.5
2853.48
3004.59
3041.0
3228.95
3237.86
3831.29
3886.84
4031.91
4137.65
4153.52
4164.61
4268.18
4444.5
4493.17
4522.33
4538.76
4551.08
4566.49
4945.55
5000
5000
5000
5000
5000
5000
5000
5000
5000
5000
5000
5000
5000
5000
5000
5000
5000
5000
5000
5000
5000
5000
5000
5000
5000
5000
5000
5000
5000
5000
5000
5000
5000
5000
5000
5000
5000
5000
5000
5000
5000
5000
5000
5000
5000
5000
5000
5000
5000
5000
5000
5000
5000
5000
5000
5000
5000
5000
5000
5000
5000
5000
5000
5000
5000
5000
5000
5000
5000
5000
5000
5000
5000
5000
5000
5000
5000
5000
5000
5000
5000
5000
5000
5000
5000
5000
5000
5000
5000
5000
5000
5000
5000
5000
5000
5000
5000
5000
5000
5000
5000
5000
5000
5000
5000
5000
5000
5000
5000
5000
5000
5000
5000
5000
5000
5000
5000
5000
5000
5000
5000
5000
5000
5000
5000
5000
5000
5000
5000
5000
5000
5000
5000
5000
5000
5000
5000
5000
5000
5000
5000
5000
5000
5000
5000
5000
5000
5000
5000
5000
5000
5000
5000
5000
5000
5000
5000
5000
5000
5000
5000
5000
5000
5000
5000
5000
5000
5000
5000
5000
5000
5000
5000
5000
5000
5000
5000
5000
5000
5000
5000
5000
5000
5000
5000
5000
5000
5000
5000
5000
5000
5000
5000
5000
5000
5000
5000
5000
5000
5000
5000
5000
5000
5000
5000
5000
5000
5000
5000
5000
5000
5000
5000
5000
5000
5000
5000
