0.187274
0.208227
0.218623
0.220565
0.328264
0.361096
0.361194
0.377336
0.506137
0.638436
0.726295
0.799137
0.883541
0.915533
3.842
4.58223
4.73138
11.2887
11.4072
14.3087
16.9462
23.7233
30.3885
33.5865
34.9879
37.5295
39.2114
39.5942
40.0025
40.7975
51.9483
52.6311
54.7664
56.9113
60.8393
60.8596
69.5269
72.124
72.8726
75.5704
75.8341
77.2737
102.326
103.487
107.53
108.918
114.723
115.025
121.089
124.897
126.307
127.156
132.669
133.376
148.031
150.51
152.392
152.625
158.092
162.0
164.256
164.285
172.082
172.88
184.708
185.515
190.12
195.784
199.364
204.266
207.403
216.913
218.151
220.031
228.275
231.812
237.89
238.478
240.585
249.98
263.635
269.608
284.883
292.859
294.775
295.067
303.342
323.263
324.205
324.873
332.662
341.509
357.727
373.928
373.929
374.193
390.139
398.207
402.135
414.515
439.985
471.351
477.738
482.127
511.011
511.15
515.239
588.201
603.747
628.588
629.176
660.538
663.578
684.236
697.92
705.426
720.501
730.613
742.143
746.091
799.74
803.761
820.176
833.137
846.372
893.646
912.748
992.002
996.93
1045.07
1079.41
1092.85
1110.88
1157.58
1179.0
1203.09
1224.95
1240.11
1241.29
1243.09
1286.46
1309.75
1359.61
1373.73
1474.17
1493.47
1507.02
1538.94
1553.07
1557.83
1573.84
1594.59
1661.8
1691.75
1804.58
1833.58
1838.43
1870.71
1871.57
1890.76
1907.86
2026.1
2029.25
2053.94
2112.71
2123.59
2134.48
2193.78
2278.76
2474.02
2595.27
2654.79
2713.28
2772.13
2774.85
2795.7
2813.3
2992.8
3115.35
3140.53
3170.69
3177.58
3389.31
3466.11
3549.97
3737.26
3767.86
3841.96
3948.32
3965.92
3991.41
4099.27
4111.71
4114.59
4124.76
4147.2
4324.69
4366.16
4502.76
4594.18
4655.41
4977.92
5000
5000
5000
5000
5000
5000
5000
5000
5000
5000
5000
5000
5000
5000
5000
5000
5000
5000
5000
5000
5000
5000
5000
5000
5000
5000
5000
5000
5000
5000
5000
5000
5000
5000
5000
5000
5000
5000
5000
5000
5000
5000
5000
5000
5000
5000
5000
5000
5000
5000
5000
5000
5000
5000
5000
5000
5000
5000
5000
5000
5000
5000
5000
5000
5000
5000
5000
5000
5000
5000
5000
5000
5000
5000
5000
5000
5000
5000
5000
5000
5000
5000
5000
5000
5000
5000
5000
5000
5000
5000
5000
5000
5000
5000
5000
5000
5000
5000
5000
5000
5000
5000
5000
5000
5000
5000
5000
5000
5000
5000
5000
5000
5000
5000
5000
5000
5000
5000
5000
5000
5000
5000
5000
5000
5000
5000
5000
5000
5000
5000
5000
5000
5000
5000
5000
5000
5000
5000
5000
5000
5000
5000
5000
5000
5000
5000
5000
5000
5000
5000
5000
5000
5000
5000
5000
5000
5000
5000
5000
5000
5000
5000
5000
5000
5000
5000
5000
5000
5000
5000
5000
5000
5000
5000
5000
5000
5000
