0.396163
2.2785
4.82978
6.37291
8.80789
9.117
10.015
11.2889
17.3482
22.0788
23.9788
25.0279
25.5083
26.5414
29.184
30.2399
31.8803
33.5546
34.4231
35.4575
35.9926
41.7731
43.8616
48.2919
49.1962
49.7968
54.5171
57.9984
61.3258
63.8872
64.7955
69.6383
75.4312
78.6121
81.4247
87.0871
90.6315
93.2035
101.356
101.811
103.228
106.808
108.37
108.891
112.883
119.712
121.879
124.012
128.757
129.197
132.185
135.336
139.708
140.955
144.222
145.643
146.791
148.989
168.196
187.938
195.758
205.348
205.496
211.085
211.514
215.636
216.072
218.0
221.562
227.772
233.847
236.527
242.23
244.545
255.761
262.651
281.907
288.928
295.578
302.119
307.014
318.376
319.724
319.931
335.14
347.72
355.231
361.402
375.612
386.067
398.347
431.949
432.724
468.031
471.234
485.033
487.991
488.883
495.186
535.689
557.697
564.765
576.643
612.641
623.719
664.061
664.86
682.014
693.897
713.833
754.253
756.148
816.547
835.283
838.45
842.426
876.732
886.035
921.64
924.526
962.352
966.162
966.511
1000.25
1004.37
1008.89
1083.31
1117.01
1125.77
1135.18
1136.02
1166.66
1245.98
1262.09
1272.43
1301.61
1346.81
1357.12
1392.46
1409.55
1425.32
1476.66
1485.01
1499.3
1636.39
1648.29
1787.81
1801.41
1895.05
1942.95
2000.46
2034.52
2089.03
2125.7
2198.18
2283.29
2469.15
2581.35
2593.17
2620.07
2663.44
2687.52
2801.03
2894.45
3115.13
3167.65
3189.04
3234.72
3351.61
3411.19
3535.87
3567.71
3612.98
3773.59
3780.66
3815.22
3838.82
3849.67
4024.04
4147.19
4254.93
4363.42
4460.37
4475.53
5000
5000
5000
5000
5000
5000
5000
5000
5000
5000
5000
5000
5000
5000
5000
5000
5000
5000
5000
5000
5000
5000
5000
5000
5000
5000
5000
5000
5000
5000
5000
5000
5000
5000
5000
5000
5000
5000
5000
5000
5000
5000
5000
5000
5000
5000
5000
5000
5000
5000
5000
5000
5000
5000
5000
5000
5000
5000
5000
5000
5000
5000
5000
5000
5000
5000
5000
5000
5000
5000
5000
5000
5000
5000
5000
5000
5000
5000
5000
5000
5000
5000
5000
5000
5000
5000
5000
5000
5000
5000
5000
5000
5000
5000
5000
5000
5000
5000
5000
5000
5000
5000
5000
5000
5000
5000
5000
5000
5000
5000
5000
5000
5000
5000
5000
5000
5000
5000
5000
5000
5000
5000
5000
5000
5000
5000
5000
5000
5000
5000
5000
5000
5000
5000
5000
5000
5000
5000
5000
5000
5000
5000
5000
5000
5000
5000
5000
5000
5000
5000
5000
5000
5000
5000
5000
5000
5000
5000
5000
5000
5000
5000
5000
5000
5000
5000
5000
5000
5000
5000
5000
5000
5000
5000
5000
5000
5000
5000
5000
5000
5000
5000
5000
5000
5000
5000
5000
5000
5000
5000
5000
5000
5000
5000
5000
5000
5000
5000
5000
5000
5000
5000
5000
5000
5000
5000
5000
5000
5000
5000
5000
5000
5000
5000
5000
5000
