0.420997
2.05105
2.383
2.83063
3.32313
6.88315
7.37857
11.7225
17.8009
29.6283
35.731
36.5953
37.5254
38.1455
38.913
39.6515
41.99
48.9664
52.4822
59.6332
62.0327
64.2183
66.2908
68.746
69.9096
70.9433
73.1873
73.3917
73.961
75.4138
76.1458
79.6525
80.1124
83.9792
84.0235
85.448
89.7585
91.6456
92.5598
95.1145
112.225
115.068
118.987
126.413
126.577
134.326
142.053
144.559
146.008
148.099
150.455
158.599
158.869
160.941
171.413
174.116
174.821
179.869
194.896
196.868
202.275
203.875
207.456
211.963
224.52
228.41
230.632
240.722
257.874
272.875
297.505
303.089
326.892
332.109
351.7
358.976
360.464
361.82
361.995
387.591
394.171
396.925
400.31
404.484
408.643
410.303
411.087
417.571
420.406
421.082
424.26
433.02
439.511
468.763
471.828
475.019
514.632
524.352
554.054
559.543
570.423
592.286
603.798
611.704
624.788
649.479
651.327
688.843
732.948
736.848
760.332
766.832
777.36
786.32
808.959
831.881
849.728
872.429
920.085
960.27
963.004
992.893
1010.91
1050.36
1079.07
1156.16
1181.27
1194.33
1197.97
1276.39
1299.01
1312.44
1322.97
1327.5
1365.58
1388.04
1389.83
1406.12
1448.62
1493.47
1505.44
1560.87
1571.15
1635.89
1645.67
1681.95
1747.98
1827.68
1858.85
1864.17
1874.71
1893.39
1923.92
1934.67
1965.96
2006.98
2053.93
2132.32
2189.33
2193.23
2214.3
2246.58
2263.28
2282.69
2327.2
2332.38
2353.04
2627.11
2656.84
2679.46
2759.43
2879.62
3112.56
3201.45
3299.09
3318.65
3575.33
3760.98
3778.8
3916.75
4161.53
4226.56
4269.96
4465.18
4531.61
4823.79
5000
5000
5000
5000
5000
5000
5000
5000
5000
5000
5000
5000
5000
5000
5000
5000
5000
5000
5000
5000
5000
5000
5000
5000
5000
5000
5000
5000
5000
5000
5000
5000
5000
5000
5000
5000
5000
5000
5000
5000
5000
5000
5000
5000
5000
5000
5000
5000
5000
5000
5000
5000
5000
5000
5000
5000
5000
5000
5000
5000
5000
5000
5000
5000
5000
5000
5000
5000
5000
5000
5000
5000
5000
5000
5000
5000
5000
5000
5000
5000
5000
5000
5000
5000
5000
5000
5000
5000
5000
5000
5000
5000
5000
5000
5000
5000
5000
5000
5000
5000
5000
5000
5000
5000
5000
5000
5000
5000
5000
5000
5000
5000
5000
5000
5000
5000
5000
5000
5000
5000
5000
5000
5000
5000
5000
5000
5000
5000
5000
5000
5000
5000
5000
5000
5000
5000
5000
5000
5000
5000
5000
5000
5000
5000
5000
5000
5000
5000
5000
5000
5000
5000
5000
5000
5000
5000
5000
5000
5000
5000
5000
5000
5000
5000
5000
5000
5000
5000
5000
5000
5000
5000
5000
5000
5000
5000
5000
5000
5000
5000
5000
5000
5000
5000
5000
5000
5000
5000
5000
5000
5000
5000
5000
5000
5000
5000
5000
5000
5000
5000
5000
5000
5000
5000
5000
5000
5000
5000
5000
5000
5000
5000
5000
5000
