0.161288
0.207323
0.273289
0.339811
0.499246
0.54068
0.62979
0.799874
1.2575
1.25948
2.30456
3.09547
9.69435
14.121
25.891
40.5178
46.6961
59.955
60.8028
65.2494
72.12
76.1476
81.1254
86.5201
88.2294
96.308
97.151
97.3718
115.57
119.473
127.411
131.015
134.895
135.896
139.111
144.948
158.124
172.648
179.17
181.386
182.299
203.589
205.824
212.693
230.109
241.382
252.957
262.936
264.023
267.491
270.164
274.992
279.977
288.041
293.265
298.73
301.674
313.269
313.597
320.052
320.941
329.208
340.326
341.074
359.317
372.236
381.488
390.881
397.868
404.061
416.619
433.299
434.905
435.348
439.708
447.896
462.697
477.055
477.708
486.001
488.487
494.114
502.76
503.439
504.521
520.671
553.75
573.812
582.809
608.471
616.663
623.028
663.434
667.704
690.465
697.54
703.103
722.797
743.171
763.981
767.334
856.925
919.389
971.479
974.362
1109.48
1117.18
1279.98
1303.53
1348.33
1397.67
1432.3
1497.1
1501.13
1514.72
1546.45
1569.52
1666.25
1693.5
1698.93
1716.24
1760.85
1791.85
1795.74
1818.16
1995.28
2014.16
2135.54
2136.51
2143.13
2156.63
2160.36
2235.09
2275.59
2291.09
2388.44
2540.96
2566.58
2587.22
2601.01
2679.87
2822.85
2867.47
2899.01
2942.34
2949.34
3017.76
3067.5
3153.77
3176.93
3183.76
3224.72
3262.36
3285.79
3349.35
3353.18
3507.34
3548.42
3622.63
3630.57
3652.05
3696.72
3750.15
3795.79
4094.33
4127.91
4130.71
4215.95
4226.66
4338.5
4513.97
4527.83
4850.8
5000
5000
5000
5000
5000
5000
5000
5000
5000
5000
5000
5000
5000
5000
5000
5000
5000
5000
5000
5000
5000
5000
5000
5000
5000
5000
5000
5000
5000
5000
5000
5000
5000
5000
5000
5000
5000
5000
5000
5000
5000
5000
5000
5000
5000
5000
5000
5000
5000
5000
5000
5000
5000
5000
5000
5000
5000
5000
5000
5000
5000
5000
5000
5000
5000
5000
5000
5000
5000
5000
5000
5000
5000
5000
5000
5000
5000
5000
5000
5000
5000
5000
5000
5000
5000
5000
5000
5000
5000
5000
5000
5000
5000
5000
5000
5000
5000
5000
5000
5000
5000
5000
5000
5000
5000
5000
5000
5000
5000
5000
5000
5000
5000
5000
5000
5000
5000
5000
5000
5000
5000
5000
5000
5000
5000
5000
5000
5000
5000
5000
5000
5000
5000
5000
5000
5000
5000
5000
5000
5000
5000
5000
5000
5000
5000
5000
5000
5000
5000
5000
5000
5000
5000
5000
5000
5000
5000
5000
5000
5000
5000
5000
5000
5000
5000
5000
5000
5000
5000
5000
5000
5000
5000
5000
5000
5000
5000
5000
5000
5000
5000
5000
5000
5000
5000
5000
5000
5000
5000
5000
5000
5000
5000
5000
5000
5000
5000
5000
5000
5000
5000
5000
5000
5000
5000
5000
