0.212979
0.214472
0.274298
0.278504
0.290433
0.420276
0.45148
0.679756
0.695994
0.820162
1.00182
1.10972
7.32981
16.59
19.4986
20.5295
22.082
22.1211
22.5949
23.6562
27.1126
29.5033
32.1364
32.6352
35.7208
35.7266
36.6595
40.4713
40.7895
45.0344
52.9794
55.2015
55.5883
61.6891
62.3041
66.409
67.9285
74.5693
78.4025
81.752
83.9817
86.6829
87.6968
92.906
93.5744
105.213
112.309
113.518
113.98
124.535
126.165
129.974
135.599
140.517
141.62
142.3
144.299
147.082
154.787
155.832
161.134
161.352
161.592
164.434
165.246
165.914
166.069
166.435
166.547
167.293
173.482
181.707
183.131
183.961
191.038
191.085
196.68
200.053
206.267
207.621
224.455
232.685
255.687
268.793
280.319
280.659
283.91
292.962
294.024
306.072
314.921
315.307
316.674
318.001
332.077
334.612
354.057
392.383
400.898
436.333
447.169
460.31
472.027
472.882
473.14
477.789
500.152
524.782
528.157
543.988
571.298
584.623
590.861
600.883
612.368
613.014
626.082
633.36
639.071
679.974
708.965
713.379
750.683
761.249
769.196
781.138
787.832
811.594
842.073
855.112
877.148
882.919
894.088
906.343
947.309
968.798
993.821
997.21
1096.93
1110.23
1116.52
1118.11
1119.56
1174.5
1178.1
1203.11
1210.67
1219.32
1240.74
1243.32
1294.66
1351.19
1358.44
1360.98
1376.78
1377.28
1392.82
1423.41
1464.21
1466.77
1509.68
1544.49
1545.54
1659.75
1696.81
1721.39
1744.23
1764.3
1804.39
1867.41
1960.17
2041.64
2117.3
2124.67
2216.43
2357.07
2422.92
2477.34
2548.59
2568.92
2760.17
2822.05
2911.62
2954.46
2979.66
3017.52
3289.99
3419.72
3443.58
3451.8
3702.81
3928.88
3941.96
3981.33
4021.95
4072.55
4121.14
4129.7
4138.57
4342.58
4690.64
4756.35
4778.43
4811.44
5000
5000
5000
5000
5000
5000
5000
5000
5000
5000
5000
5000
5000
5000
5000
5000
5000
5000
5000
5000
5000
5000
5000
5000
5000
5000
5000
5000
5000
5000
5000
5000
5000
5000
5000
5000
5000
5000
5000
5000
5000
5000
5000
5000
5000
5000
5000
5000
5000
5000
5000
5000
5000
5000
5000
5000
5000
5000
5000
5000
5000
5000
5000
5000
5000
5000
5000
5000
5000
5000
5000
5000
5000
5000
5000
5000
5000
5000
5000
5000
5000
5000
5000
5000
5000
5000
5000
5000
5000
5000
5000
5000
5000
5000
5000
5000
5000
5000
5000
5000
5000
5000
5000
5000
5000
5000
5000
5000
5000
5000
5000
5000
5000
5000
5000
5000
5000
5000
5000
5000
5000
5000
5000
5000
5000
5000
5000
5000
5000
5000
5000
5000
5000
5000
5000
5000
5000
5000
5000
5000
5000
5000
5000
5000
5000
5000
5000
5000
5000
5000
5000
5000
5000
5000
5000
5000
5000
5000
5000
5000
5000
5000
5000
5000
5000
5000
5000
5000
5000
5000
5000
5000
5000
5000
5000
