0.171868
0.202813
0.237016
0.238809
0.291528
0.294186
0.318021
0.671259
0.74908
0.791518
1.828
5.96452
6.58865
7.09035
8.63601
17.1403
17.5141
23.7949
26.3353
27.6245
36.3874
36.4714
43.9995
44.4921
44.4955
49.2683
54.1095
54.3384
59.1284
61.3762
62.6218
68.3891
69.0181
74.9522
77.2727
77.3814
78.5121
95.6661
97.9204
99.3733
101.749
102.168
107.618
115.482
118.64
120.766
121.768
122.099
123.112
128.423
133.359
136.229
139.59
146.701
148.429
149.984
151.878
154.994
156.375
161.503
164.322
164.564
164.797
168.229
179.16
179.265
179.613
182.208
184.331
185.823
191.88
198.572
199.758
207.116
211.511
228.862
231.782
234.61
242.892
247.875
250.303
252.43
262.101
305.099
317.693
328.958
334.747
366.602
376.928
377.132
386.194
387.457
389.599
423.867
429.617
430.769
431.326
432.747
474.618
497.741
522.335
526.525
526.711
527.501
533.293
535.253
555.373
588.152
609.689
630.729
632.392
635.582
664.061
672.831
678.519
693.388
696.327
696.545
710.722
722.847
729.818
741.089
779.153
785.48
793.449
831.266
836.474
883.976
907.37
908.305
934.042
947.035
1069.41
1076.01
1095.13
1118.9
1119.62
1123.54
1147.16
1174.2
1181.64
1195.12
1275.95
1312.24
1325.5
1335.01
1418.69
1426.91
1545.24
1566.58
1615.1
1616.83
1644.81
1654.64
1690.7
1760.1
1805.42
1851.48
1854.73
1893.66
1895.14
1898.68
1907.06
1907.49
1909.4
1931.7
2014.09
2118.66
2140.62
2280.19
2333.21
2342.15
2343.94
2463.84
2481.21
2528.54
2617.29
2663.97
2868.61
2987.93
3006.14
3240.55
3253.3
3311.34
3328.53
3384.2
3393.26
3398.28
3445.37
3555.47
3571.5
3696.46
3843.42
3885.34
3985.23
4008.03
4076.9
4209.77
4711.13
4831.23
4892.57
5000
5000
5000
5000
5000
5000
5000
5000
5000
5000
5000
5000
5000
5000
5000
5000
5000
5000
5000
5000
5000
5000
5000
5000
5000
5000
5000
5000
5000
5000
5000
5000
5000
5000
5000
5000
5000
5000
5000
5000
5000
5000
5000
5000
5000
5000
5000
5000
5000
5000
5000
5000
5000
5000
5000
5000
5000
5000
5000
5000
5000
5000
5000
5000
5000
5000
5000
5000
5000
5000
5000
5000
5000
5000
5000
5000
5000
5000
5000
5000
5000
5000
5000
5000
5000
5000
5000
5000
5000
5000
5000
5000
5000
5000
5000
5000
5000
5000
5000
5000
5000
5000
5000
5000
5000
5000
5000
5000
5000
5000
5000
5000
5000
5000
5000
5000
5000
5000
5000
5000
5000
5000
5000
5000
5000
5000
5000
5000
5000
5000
5000
5000
5000
5000
5000
5000
5000
5000
5000
5000
5000
5000
5000
5000
5000
5000
5000
5000
5000
5000
5000
5000
5000
5000
5000
5000
5000
5000
5000
5000
5000
5000
5000
5000
5000
5000
5000
5000
5000
5000
5000
5000
5000
5000
5000
5000
5000
5000
