0.763985
0.899203
1.38616
1.87127
2.36846
2.78383
3.01601
3.31255
3.75857
4.44235
4.58043
6.05734
6.77838
10.6063
12.3696
27.545
28.0648
29.4621
29.5379
34.6519
41.3601
54.889
105.377
129.846
140.685
151.182
167.117
171.661
180.546
180.733
187.902
195.591
197.65
200.437
204.74
220.892
230.889
232.325
244.857
245.616
246.136
258.867
271.202
280.944
281.558
283.762
286.664
287.083
294.805
295.234
371.475
382.239
382.578
394.488
403.241
412.248
412.464
413.924
414.023
431.668
435.773
442.78
444.808
449.776
451.855
462.28
467.222
473.684
479.443
487.938
493.3
506.535
507.809
507.853
512.557
515.087
521.948
522.12
524.905
529.834
548.452
561.603
578.641
581.288
582.768
583.482
585.04
601.022
602.83
610.002
616.347
618.393
619.382
624.261
643.196
644.375
652.124
654.1
659.285
663.946
665.392
670.059
676.318
680.228
695.744
699.105
702.427
719.535
722.64
726.113
744.462
748.039
749.792
751.802
752.887
773.874
795.908
797.993
800.884
811.287
814.72
818.073
820.468
825.484
826.227
841.254
847.156
850.452
860.529
866.235
870.243
897.868
899.813
901.479
907.234
907.726
923.837
925.185
931.191
945.169
946.552
951.02
953.6
954.778
991.126
1003.24
1012.18
1013.42
1031.24
1033.96
1047.21
1054.27
1059.02
1062.12
1072.75
1080.75
1083.28
1090.62
1092.75
1100.18
1115.39
1116.4
1118.06
1133.68
1135.49
1142.37
1146.53
1157.05
1184.39
1185.08
1194.89
1200.62
1202.04
1210.78
1213.24
1214.26
1214.63
1222.34
1238.88
1242.49
1245.02
1257.34
1261.94
1269.61
1299.64
1306.16
1306.44
1309.67
1310.26
1321.69
1329.42
1349.64
1364.33
1379.1
1387.54
1403.4
1405.23
1414.59
1414.66
1415.85
1418.44
1424.51
1425.88
1453.83
1458.07
1459.17
1460.97
1479.08
1486.12
1488.78
1491.06
1499.63
1521.77
1526.62
1538.33
1538.76
1556.28
1565.43
1571.08
1582.92
1584.35
1592.47
1598.0
1602.29
1608.93
1622.95
1646.66
1651.84
1693.4
1696.13
1707.68
1712.27
1715.95
1740.76
1750.17
1756.92
1761.54
1771.82
1790.36
1790.49
1790.97
1810.56
1818.43
1873.5
1874.57
1890.29
1905.46
1915.63
1919.93
1922.84
1925.7
1927.38
1936.05
1941.15
1957.61
1965.39
1997.81
2011.93
2021.64
2039.3
2053.26
2056.6
2060.65
2061.86
2066.82
2071.92
2076.8
2084.6
2089.46
2094.62
2095.05
2103.85
2106.87
2107.2
2109.58
2119.8
2131.08
2137.37
2142.39
2155.12
2159.59
2194.69
2196.38
2212.15
2224.7
2228.64
2241.04
2242.38
2246.29
2261.99
2265.22
2269.56
2276.58
2288.15
2292.83
2296.57
2297.47
2303.86
2306.27
2344.1
2350.15
2354.35
2354.75
2377.26
2379.86
2386.43
2411.76
2427.96
2445.74
2452.29
2456.21
2464.84
2471.72
2496.23
2522.53
2526.5
2539.18
2549.38
2566.98
2638.18
2652.97
2653.59
2662.44
2686.41
2730.87
2740.75
2743.62
2769.24
2769.33
2836.37
2845.03
2857.12
2863.3
2865.48
2872.75
2874.42
2876.74
2888.39
2892.57
2908.49
2910.1
2938.54
2947.9
2951.1
2955.98
2981.8
3015.69
3052.98
3085.98
3117.58
3132.13
3132.52
3134.11
3146.5
3155.61
3184.54
3186.77
3225.25
3243.82
3245.37
3269.27
3281.74
3291.17
3294.06
3294.24
3313.47
3317.48
3325.18
3335.52
3337.83
3346.35
3357.29
3385.89
3391.01
3395.95
3399.67
3408.7
3439.92
3450.44
3474.45
3478.74
3498.96
3527.3
3539.17
3572.98
3577.03
3580.09
3583.06
3589.73
3602.56
3608.49
3629.35
3636.89
3646.11
3691.51
3751.18
3772.23
3822.96
3848.95
3852.22
3859.33
3978.96
4002.72
4064.49
4093.14
4127.42
4154.5
4218.9
4247.06
4277.09
4327.54
4348.19
4363.32
4372.95
4384.09
4385.29
4391.55
4394.17
4469.44
4482.88
4509.74
4526.41
4578.82
4634.84
4681.86
4694.06
4698.58
4744.34
4778.14
4836.13
4855.7
4935.68
4944.26
4954.12
4954.21
5000
5000
5000
5000
5000
5000
5000
5000
5000
5000
5000
5000
5000
5000
5000
5000
5000
5000
5000
5000
5000
5000
5000
5000
5000
5000
5000
5000
5000
5000
5000
5000
5000
5000
5000
5000
5000
5000
5000
5000
5000
5000
5000
5000
5000
5000
5000
5000
5000
5000
5000
5000
5000
5000
5000
5000
5000
5000
5000
5000
5000
5000
5000
5000
5000
