0.319612
0.459218
1.6349
2.08238
4.60878
5.33141
5.50947
5.85927
6.44982
6.5686
6.64665
7.53818
7.63325
7.79111
8.40111
8.51358
9.20084
9.58497
10.2391
10.4872
11.0765
12.2019
12.5585
14.0751
14.8294
15.1191
15.6593
16.4063
17.966
19.4765
23.2274
23.9165
24.1268
26.1184
26.1873
27.0456
28.6504
31.5341
32.7644
33.7378
34.0299
34.2621
35.7577
36.6598
37.6206
37.9244
38.4229
38.7867
39.7247
42.1377
42.2726
43.7539
43.8894
43.9226
44.2776
46.6432
48.063
49.722
50.5373
51.6319
54.6637
57.6
60.6124
61.5811
62.1197
62.1312
63.3866
64.3615
66.5587
67.3791
68.0158
68.054
68.3376
70.3684
70.7705
72.135
72.3524
73.7891
74.1642
74.6107
82.768
83.1203
84.0938
85.518
85.8844
86.2465
87.8546
89.8336
93.2176
93.5221
93.5324
93.9276
95.0789
95.1101
97.2517
99.1806
99.3919
100.188
100.93
102.875
102.902
104.18
104.529
105.472
105.645
106.651
106.9
112.89
113.151
113.961
114.338
114.738
116.095
119.865
121.481
124.09
127.74
129.263
130.952
132.585
133.737
135.536
136.314
139.478
139.89
143.255
143.652
144.506
144.711
145.704
146.758
148.789
149.63
149.872
150.208
151.587
152.952
153.056
153.105
153.397
154.293
155.678
156.86
157.52
159.065
159.373
165.004
169.806
170.256
174.316
175.794
176.864
179.347
182.283
182.287
184.608
189.273
189.966
190.965
195.671
200.446
201.989
205.911
206.406
206.481
206.538
207.751
210.954
213.2
216.112
219.895
220.253
221.704
222.066
222.223
225.021
228.331
228.673
228.963
230.005
233.672
238.334
240.567
242.12
243.618
246.551
247.578
247.947
249.756
253.665
254.421
254.489
256.72
259.462
261.971
263.566
270.755
272.517
272.841
277.501
277.675
280.166
285.029
286.541
291.565
292.841
294.219
294.803
296.662
300.312
300.434
300.492
301.339
302.145
302.367
303.167
304.167
306.108
308.193
309.112
309.187
310.443
311.051
311.685
312.725
313.071
313.825
315.376
315.683
319.065
323.433
324.119
327.185
330.124
331.606
333.816
336.024
336.812
336.819
337.35
337.54
339.799
340.605
343.319
344.988
346.277
346.729
350.057
350.258
351.261
351.605
351.674
353.085
354.306
354.517
355.346
356.539
360.939
361.226
363.643
364.648
368.159
368.492
369.0
370.012
370.247
371.081
376.413
377.317
379.562
380.108
383.643
386.091
389.377
390.507
400.019
400.601
402.409
406.921
407.508
407.869
409.141
409.261
413.541
413.969
414.481
416.08
418.99
419.978
421.47
423.968
424.203
428.215
429.2
430.879
431.765
434.987
435.118
437.882
439.627
442.949
443.6
444.759
445.254
445.688
445.79
447.396
448.289
448.426
449.291
452.949
456.434
458.6
460.648
464.39
464.817
464.909
465.041
465.773
469.911
470.177
470.217
472.014
472.933
474.719
475.561
475.86
479.878
480.721
480.886
480.924
485.405
487.707
488.554
490.352
491.66
495.733
501.855
502.606
502.903
503.905
506.537
506.681
507.45
511.272
519.061
519.965
524.897
525.449
529.313
534.057
538.74
539.526
541.178
543.102
544.477
544.602
548.083
550.334
553.039
553.87
553.96
554.415
555.205
557.493
564.809
568.465
569.633
574.059
576.863
577.963
578.157
579.369
579.811
581.294
581.459
584.041
585.957
586.819
587.932
589.125
589.487
592.931
593.408
596.416
597.004
597.929
598.847
599.079
600.87
601.207
602.883
607.666
609.994
611.977
613.339
613.611
613.945
614.846
618.918
619.031
620.542
620.882
621.908
627.33
632.806
632.853
638.506
639.808
642.307
644.797
645.281
646.435
646.758
646.853
650.007
650.611
651.731
654.77
655.901
656.177
656.571
656.768
658.333
660.356
661.052
664.283
664.743
671.516
671.969
673.892
673.994
676.178
682.62
685.04
689.163
691.16
692.45
693.129
694.728
694.965
699.549
703.928
704.181
705.434
705.689
711.775
712.302
714.167
718.019
721.135
723.5
724.082
724.769
724.978
725.323
730.17
733.43
733.808
733.977
737.295
748.013
750.389
750.615
751.13
752.083
755.129
756.119
756.713
757.836
757.874
760.925
762.33
763.937
768.358
770.867
771.636
772.212
781.724
785.446
802.082
802.645
813.112
813.121
816.028
821.069
821.111
827.011
828.257
831.89
832.983
847.145
848.897
851.465
859.722
869.277
877.947
895.38
938.396
1038.92
