0.734975
0.750865
1.28837
1.66671
1.93565
2.30049
2.72762
2.86084
3.09119
4.62217
4.97001
5.77397
13.1116
160.481
237.711
310.984
339.332
352.926
372.621
389.477
417.723
422.709
437.06
489.661
524.369
531.598
547.088
554.745
609.731
641.47
697.221
700.352
726.153
748.718
769.527
771.354
780.31
788.854
811.037
818.28
819.898
823.851
830.506
852.554
886.737
920.56
937.688
960.033
984.353
985.136
1025.45
1026.38
1026.4
1040.39
1058.66
1066.96
1069.21
1069.92
1105.72
1141.75
1187.44
1215.42
1216.32
1218.05
1225.31
1234.15
1236.1
1243.76
1256.03
1280.26
1308.61
1330.39
1330.99
1371.04
1385.79
1392.22
1475.68
1482.37
1492.05
1533.48
1580.46
1590.56
1606.44
1610.21
1627.45
1662.34
1673.09
1673.84
1678.44
1693.64
1695.18
1714.84
1719.18
1723.49
1748.39
1770.39
1776.96
1778.96
1803.97
1814.22
1817.18
1906.76
1922.46
1928.75
1951.44
2045.25
2091.33
2232.59
2245.45
2249.5
2249.66
2251.92
2252.52
2264.48
2279.08
2389.3
2391.47
2410.79
2422.0
2428.08
2433.34
2501.61
2503.0
2507.59
2509.55
2526.08
2561.05
2561.42
2573.06
2608.52
2630.37
2632.84
2641.43
2679.1
2815.08
2835.83
2838.77
2844.09
2862.2
2873.95
2974.94
3014.81
3026.46
3031.88
3039.03
3045.04
3077.23
3085.25
3126.2
3131.29
3142.41
3156.7
3215.51
3217.55
3221.37
3246.06
3268.93
3269.81
3286.43
3325.33
3338.67
3347.72
3372.98
3376.39
3382.57
3385.73
3386.83
3388.01
3421.92
3449.42
3500.5
3524.35
3562.26
3579.88
3619.44
3654.64
3691.08
3701.35
3701.38
3739.77
3762.58
3805.74
3886.58
3888.77
3924.37
3932.65
3949.8
3953.42
3990.13
4027.82
4051.5
4081.88
4136.95
4142.9
4156.12
4182.56
4188.09
4209.77
4227.1
4248.23
4252.38
4266.63
4304.55
4325.16
4431.82
4452.57
4478.78
4499.88
4522.44
4536.39
4542.0
4562.78
4579.24
4649.89
4652.32
4697.63
4722.96
4728.96
4761.07
4814.81
4824.36
4841.97
4857.34
4858.67
4885.66
4890.59
4915.35
4940.0
4953.83
4988.51
4989.68
5000
5000
5000
5000
5000
5000
5000
5000
5000
5000
5000
5000
5000
5000
5000
5000
5000
5000
5000
5000
5000
5000
5000
5000
5000
5000
5000
5000
5000
5000
5000
5000
5000
5000
5000
5000
5000
5000
5000
5000
5000
5000
5000
5000
5000
5000
5000
5000
5000
5000
5000
5000
5000
5000
5000
5000
5000
5000
5000
5000
5000
5000
5000
5000
5000
5000
5000
5000
5000
5000
5000
5000
5000
5000
5000
5000
5000
5000
5000
5000
5000
5000
5000
5000
5000
5000
5000
5000
5000
5000
5000
5000
5000
5000
5000
5000
5000
5000
5000
5000
5000
5000
5000
5000
5000
5000
5000
5000
5000
5000
5000
5000
5000
5000
5000
5000
5000
5000
5000
5000
5000
5000
5000
5000
5000
5000
5000
5000
5000
5000
5000
5000
5000
5000
5000
5000
5000
5000
5000
5000
5000
5000
5000
5000
5000
5000
5000
5000
5000
5000
5000
5000
5000
5000
5000
5000
5000
5000
5000
5000
5000
5000
5000
5000
5000
5000
5000
5000
5000
5000
5000
5000
5000
5000
5000
5000
5000
5000
5000
5000
5000
5000
5000
5000
5000
5000
5000
5000
5000
5000
5000
5000
5000
5000
5000
5000
5000
5000
5000
5000
5000
5000
5000
5000
5000
5000
5000
5000
5000
5000
5000
5000
5000
5000
5000
5000
5000
5000
5000
5000
5000
5000
5000
5000
5000
5000
5000
5000
5000
5000
5000
5000
5000
5000
5000
5000
5000
5000
5000
5000
5000
5000
5000
5000
5000
5000
5000
5000
5000
5000
5000
5000
5000
5000
5000
5000
5000
5000
5000
5000
5000
5000
5000
5000
5000
5000
5000
5000
5000
