0.795374
0.951449
1.48895
1.9918
2.03806
2.98462
3.02256
3.11314
3.40641
3.42782
3.66912
4.91484
5.34552
5.46358
6.28926
7.1091
7.8563
8.46405
8.97842
9.47833
10.0004
10.9779
12.855
15.4673
15.7931
16.1239
16.5157
17.0826
17.5706
18.4721
22.9252
23.1054
23.3628
23.6489
23.7962
25.0789
27.502
28.4079
30.2588
30.3433
31.0024
31.5339
31.938
33.6349
34.1641
34.2484
35.293
36.314
37.3572
38.9291
44.2027
44.7689
44.9909
45.4537
47.0773
47.1001
49.0249
49.3275
49.9285
49.9744
51.2218
53.6465
55.7999
57.2404
57.4962
58.8637
60.6331
60.9903
64.3494
66.9357
71.0889
74.2638
74.4951
76.8112
79.0529
79.3495
79.7387
82.7352
83.7152
84.2277
85.4737
87.9605
89.8403
92.3961
93.7971
94.6918
95.1044
95.9397
97.8929
100.368
111.431
112.264
114.798
114.883
118.338
120.859
122.088
125.458
127.655
128.589
129.162
133.635
136.779
137.815
138.816
140.306
141.331
141.731
144.952
146.48
147.929
148.012
150.664
153.971
154.233
154.265
156.771
157.512
164.455
164.471
164.661
165.368
165.611
166.088
166.094
168.16
168.319
177.857
179.285
179.56
184.492
184.743
187.619
188.252
188.448
188.877
188.957
189.251
190.668
190.862
192.276
193.898
194.215
197.298
199.596
201.48
203.826
205.17
211.53
215.914
218.696
219.027
219.659
224.423
226.673
229.915
231.06
233.178
235.231
235.433
236.937
236.948
240.303
241.936
245.669
246.742
247.267
248.491
253.359
254.399
256.192
261.148
267.093
268.059
268.81
270.136
270.495
271.121
275.22
281.494
283.107
283.399
287.209
288.031
290.004
291.018
292.851
293.516
297.433
297.802
300.656
302.741
303.116
304.831
307.231
307.358
307.657
308.23
309.338
313.938
315.021
316.73
317.073
319.258
320.632
324.711
325.077
325.811
328.071
333.029
333.054
334.754
335.681
339.778
341.683
354.993
355.048
355.282
358.428
358.897
364.737
364.872
366.678
367.754
374.169
374.304
374.418
376.23
378.229
378.279
379.69
380.825
382.74
383.719
385.158
385.168
389.029
389.859
390.918
391.463
391.904
392.155
395.562
397.782
401.816
406.089
409.001
409.661
410.597
412.207
420.752
423.388
425.673
426.9
430.709
433.383
440.097
442.057
443.518
450.154
451.919
453.386
458.128
460.155
461.694
461.796
463.242
467.487
467.541
469.177
469.575
471.116
471.786
472.131
475.62
477.471
478.093
482.469
486.491
486.657
486.7
488.149
489.535
494.235
497.001
497.679
501.197
501.199
503.284
503.415
505.664
506.681
507.109
510.687
513.656
514.341
516.207
520.353
522.799
522.983
526.277
529.479
529.946
536.606
537.143
540.14
546.079
547.696
550.072
550.569
555.148
558.64
560.207
560.679
561.788
561.989
562.916
574.274
575.55
575.993
578.191
583.937
584.012
587.747
590.037
599.456
601.698
604.949
608.598
610.411
619.834
625.35
628.325
635.244
637.685
640.975
642.028
646.046
646.899
651.927
656.907
658.622
661.675
665.576
668.816
670.239
673.421
674.798
685.471
686.425
686.8
687.023
687.489
687.87
687.88
689.04
690.045
690.957
695.0
700.751
703.427
708.75
709.616
712.822
718.489
720.294
722.351
731.828
732.157
733.139
735.048
735.757
737.57
740.019
741.187
746.104
748.493
750.446
751.014
754.761
755.091
756.098
766.786
771.313
779.208
781.137
787.244
787.596
787.746
790.159
790.349
794.721
806.47
806.837
808.062
822.622
824.54
827.158
828.688
832.908
832.982
834.164
834.31
835.994
840.115
874.207
874.675
877.791
881.103
881.985
883.328
886.475
889.451
890.854
892.847
894.395
897.934
899.847
900.192
903.817
904.589
906.014
908.07
916.012
918.999
920.384
922.124
926.006
934.67
939.056
941.683
943.292
947.75
948.769
951.564
955.081
955.324
955.779
955.916
957.629
963.947
964.657
968.042
968.166
972.719
974.473
977.036
978.27
979.73
983.566
984.261
988.727
995.661
1002.64
1009.08
1011.58
1020.63
1022.98
1027.12
1037.46
1039.87
1040.87
1044.16
1045.4
1056.51
1067.13
1068.6
1070.98
1088.54
1112.54
1115.68
1115.94
1127.72
1149.07
1149.67
1159.53
1168.95
1195.4
1199.68
1229.34
1239.99
1695.03
2241.29
2354.2
2425.14
2652.21
2783.77
3848.94
4019.52
5000
5000
5000
5000
5000
5000
5000
5000
5000
5000
5000
