0.643066
0.753024
1.33255
2.00489
2.80935
2.81682
3.29217
3.54715
4.36966
4.70214
5.13548
7.78788
8.27193
8.78271
11.135
11.2205
11.6842
13.5606
13.7188
14.4843
14.5546
19.2554
20.4703
24.4345
25.9409
26.5659
28.3736
30.7926
33.0254
33.1203
39.7383
40.5772
44.1259
46.4933
50.1199
50.5359
57.5932
60.1567
66.6188
73.6594
76.1976
80.964
86.3558
86.5415
86.7431
88.4721
90.4939
94.2678
97.6933
98.4361
99.0751
99.5465
100.338
105.09
112.994
113.159
114.761
118.727
124.651
125.978
128.936
135.133
135.929
141.867
145.692
146.828
149.839
153.998
168.291
168.499
171.398
176.2
177.46
181.123
181.332
184.165
189.62
191.005
198.563
209.469
209.484
209.624
210.654
213.216
213.236
216.906
222.959
224.212
225.403
229.272
229.41
231.518
232.426
234.918
235.396
236.463
238.871
240.152
240.452
241.23
244.306
245.812
246.857
247.973
248.946
250.672
251.352
251.768
253.915
256.258
257.418
260.923
264.785
265.258
272.213
274.776
276.166
277.948
281.884
282.417
283.386
283.774
284.435
286.951
293.955
304.634
305.253
310.857
312.518
315.649
319.024
320.036
320.094
320.411
322.697
333.094
334.461
339.792
343.073
343.445
344.66
344.976
345.629
347.085
348.104
351.427
352.801
353.138
354.603
359.298
360.366
361.342
363.193
364.342
365.021
365.474
367.989
368.08
380.723
382.575
387.908
392.856
396.618
397.763
400.106
401.427
401.731
403.178
404.793
407.405
410.709
411.684
413.433
415.997
416.856
417.693
418.475
420.982
421.054
423.317
424.22
427.421
429.404
430.597
431.23
433.973
436.482
436.635
443.168
446.639
446.648
446.872
456.275
458.489
462.587
465.818
471.663
472.914
475.241
476.227
477.018
480.487
480.505
481.174
481.574
481.845
484.9
488.63
488.701
492.368
492.956
495.728
496.259
501.435
505.724
508.905
510.665
510.673
510.851
526.52
527.022
527.757
529.067
530.043
530.071
530.432
541.683
544.491
544.668
547.112
548.612
548.732
549.688
551.23
552.716
554.709
556.92
562.422
563.358
565.069
568.901
569.239
570.581
572.654
573.426
575.579
577.82
579.444
579.782
581.647
582.314
583.159
583.256
585.813
587.711
588.411
590.123
593.775
596.247
597.476
602.511
605.697
605.952
606.067
607.363
612.53
613.968
616.995
620.639
623.335
624.849
627.662
628.679
633.261
634.804
635.297
642.237
642.948
643.353
644.358
645.219
646.273
649.212
650.429
656.564
657.413
661.891
663.817
664.361
664.83
670.248
670.67
672.352
676.068
678.385
679.012
680.188
682.059
683.472
683.647
689.246
690.238
692.037
706.521
706.779
709.782
710.325
710.737
711.45
711.671
713.598
713.737
720.048
722.986
725.284
725.313
727.597
729.431
733.543
736.782
739.456
743.31
743.92
744.819
747.624
750.215
750.448
755.741
757.661
759.257
760.99
763.254
777.155
780.283
781.505
782.182
784.337
785.629
785.69
786.009
787.821
795.085
800.054
802.318
802.45
802.885
803.926
805.502
808.076
813.602
826.023
826.045
827.172
828.564
828.767
834.096
837.727
841.649
845.203
846.195
848.065
852.986
853.597
857.141
861.67
863.57
871.703
882.156
883.66
893.981
894.245
899.486
904.321
911.144
915.641
919.074
927.349
928.866
931.441
932.921
934.788
935.576
936.693
938.915
941.057
941.057
941.68
950.669
951.832
958.098
961.106
967.853
968.63
972.766
986.332
990.772
992.512
992.688
999.173
999.654
1003.58
1005.58
1011.25
1016.75
1021.12
1022.89
1024.08
1025.6
1029.37
1029.94
1029.99
1032.68
1033.78
1035.02
1041.05
1044.32
1045.8
1045.99
1055.71
1068.51
1092.04
1097.04
1099.96
1112.53
1119.89
1127.38
1130.16
1135.29
1142.34
1150.37
1163.9
1166.21
1167.57
1170.74
1176.45
1186.38
1207.38
1210.56
1212.85
1213.66
1224.29
1227.01
1229.06
1229.72
1261.46
1267.71
1274.48
1275.25
1276.51
1283.02
1286.71
1306.27
1306.31
1306.64
1308.92
1333.36
1337.01
1340.69
1344.37
1351.79
1358.24
1368.33
1395.32
1402.96
1413.08
1424.75
1425.33
1440.83
1443.42
1444.91
1450.75
1460.79
1461.93
1464.29
1465.65
1471.11
1479.75
1479.77
1480.63
1495.9
1507.27
1541.82
1542.51
1585.58
1606.03
1646.97
1712.11
1764.11
1768.27
1806.37
1841.46
1851.63
1858.09
1880.66
1995.55
2002.54
2275.83
2277.55
2355.47
2613.35
