0.328896
2.05674
2.75668
3.03394
5.02552
6.47209
12.6571
12.9974
24.8948
26.2348
27.7984
28.5382
30.2256
30.6947
30.9035
32.9289
34.3003
36.3944
37.9388
40.5111
42.2962
46.0649
51.6199
52.2944
52.5653
57.1049
59.0182
63.8052
65.0536
65.3165
65.5861
66.5672
70.9516
73.5649
76.419
76.8069
81.1996
82.3634
86.49
93.8211
96.6061
98.5662
99.0656
106.689
110.146
113.847
114.072
120.435
122.627
135.007
141.086
146.359
146.99
156.129
160.037
160.923
169.333
172.235
178.801
207.16
218.95
220.432
221.408
221.799
239.634
243.48
244.896
251.298
253.356
262.167
268.037
272.123
277.664
278.338
279.457
283.639
309.153
317.726
318.842
329.65
330.992
331.775
333.58
347.878
352.468
355.881
363.743
382.883
389.398
424.694
449.254
452.484
452.611
460.67
464.985
479.723
480.68
497.875
498.836
511.381
535.67
556.833
570.393
577.182
583.24
594.601
621.559
633.873
643.182
648.966
658.781
668.282
669.939
675.011
734.477
778.458
785.219
796.101
837.774
860.856
872.746
924.926
951.694
957.952
964.627
991.602
1023.87
1028.72
1042.94
1054.89
1128.11
1130.9
1132.38
1137.58
1146.44
1162.43
1196.2
1208.29
1252.54
1257.35
1304.92
1372.47
1471.57
1536.7
1559.1
1562.96
1565.47
1602.8
1696.59
1721.94
1799.18
1843.58
1861.06
1952.97
1967.68
2035.34
2085.54
2121.19
2128.59
2379.6
2399.48
2405.21
2411.77
2519.83
2590.77
2598.85
2641.7
2661.5
2710.43
2808.18
2827.21
2844.84
2851.43
2904.98
3019.72
3166.95
3277.81
3330.34
3506.18
3582.09
3804.48
3921.24
3985.68
3986.05
4033.84
4081.97
4124.45
4131.0
4523.9
4948.19
4968.41
5000
5000
5000
5000
5000
5000
5000
5000
5000
5000
5000
5000
5000
5000
5000
5000
5000
5000
5000
5000
5000
5000
5000
5000
5000
5000
5000
5000
5000
5000
5000
5000
5000
5000
5000
5000
5000
5000
5000
5000
5000
5000
5000
5000
5000
5000
5000
5000
5000
5000
5000
5000
5000
5000
5000
5000
5000
5000
5000
5000
5000
5000
5000
5000
5000
5000
5000
5000
5000
5000
5000
5000
5000
5000
5000
5000
5000
5000
5000
5000
5000
5000
5000
5000
5000
5000
5000
5000
5000
5000
5000
5000
5000
5000
5000
5000
5000
5000
5000
5000
5000
5000
5000
5000
5000
5000
5000
5000
5000
5000
5000
5000
5000
5000
5000
5000
5000
5000
5000
5000
5000
5000
5000
5000
5000
5000
5000
5000
5000
5000
5000
5000
5000
5000
5000
5000
5000
5000
5000
5000
5000
5000
5000
5000
5000
5000
5000
5000
5000
5000
5000
5000
5000
5000
5000
5000
5000
5000
5000
5000
5000
5000
5000
5000
5000
5000
5000
5000
5000
5000
5000
5000
5000
5000
5000
5000
5000
5000
5000
5000
5000
5000
5000
5000
5000
5000
5000
5000
5000
5000
5000
5000
5000
5000
5000
5000
5000
5000
5000
5000
5000
5000
5000
5000
5000
5000
5000
5000
5000
