0.199625
0.20013
0.233546
0.253934
0.277869
0.373283
0.390566
0.390567
0.675795
0.730226
0.824784
1.33431
1.94861
2.61049
5.05794
12.7239
13.42
13.62
25.9435
29.4401
34.6064
34.6688
35.3587
36.0659
36.7127
39.0337
39.4601
40.1555
41.0042
45.0083
46.5659
47.8049
51.8265
52.733
54.032
58.2691
63.2402
63.8668
64.1206
64.5032
68.3484
70.4142
71.3027
71.6478
73.5093
75.2258
77.8524
84.1246
89.9038
90.1871
92.2331
95.8498
95.8637
102.685
105.358
109.675
112.572
123.622
133.517
134.182
134.37
135.457
140.63
145.081
147.601
154.257
156.402
157.967
158.666
171.105
175.748
177.165
190.481
190.939
195.725
199.149
210.618
213.498
220.457
227.894
239.215
239.772
240.258
241.177
247.959
247.995
250.408
258.097
268.793
268.895
269.596
282.074
283.058
287.725
288.446
290.106
293.381
296.051
337.334
347.485
358.11
373.663
377.251
377.746
407.472
411.094
426.126
446.19
447.543
449.989
522.618
526.285
528.525
548.653
581.047
602.219
609.328
615.086
642.991
654.368
669.334
680.32
701.28
750.422
756.725
796.829
808.974
810.095
815.763
862.001
921.941
972.919
1040.05
1041.8
1051.71
1069.67
1112.0
1119.34
1124.19
1158.5
1191.74
1196.6
1208.65
1228.81
1242.25
1255.3
1261.81
1263.66
1376.7
1413.27
1431.29
1437.27
1556.82
1602.28
1630.17
1696.83
1785.33
1846.98
1850.08
1853.77
1883.75
1962.85
2058.13
2069.37
2081.11
2100.49
2123.82
2161.75
2186.53
2228.49
2256.08
2266.1
2329.41
2331.76
2387.97
2426.94
2445.15
2472.09
2581.01
2597.37
2605.09
2618.59
2792.24
2808.04
2811.96
3002.91
3142.25
3269.09
3389.84
3429.02
3516.15
3619.82
3694.63
3696.48
4005.51
4039.17
4061.1
4062.03
4068.24
4099.43
4129.09
4419.35
4474.12
4636.79
4948.46
5000
5000
5000
5000
5000
5000
5000
5000
5000
5000
5000
5000
5000
5000
5000
5000
5000
5000
5000
5000
5000
5000
5000
5000
5000
5000
5000
5000
5000
5000
5000
5000
5000
5000
5000
5000
5000
5000
5000
5000
5000
5000
5000
5000
5000
5000
5000
5000
5000
5000
5000
5000
5000
5000
5000
5000
5000
5000
5000
5000
5000
5000
5000
5000
5000
5000
5000
5000
5000
5000
5000
5000
5000
5000
5000
5000
5000
5000
5000
5000
5000
5000
5000
5000
5000
5000
5000
5000
5000
5000
5000
5000
5000
5000
5000
5000
5000
5000
5000
5000
5000
5000
5000
5000
5000
5000
5000
5000
5000
5000
5000
5000
5000
5000
5000
5000
5000
5000
5000
5000
5000
5000
5000
5000
5000
5000
5000
5000
5000
5000
5000
5000
5000
5000
5000
5000
5000
5000
5000
5000
5000
5000
5000
5000
5000
5000
5000
5000
5000
5000
5000
5000
5000
5000
5000
5000
5000
5000
5000
5000
5000
5000
5000
5000
5000
5000
5000
5000
5000
5000
5000
5000
5000
5000
