0.694029
2.4808
2.60534
2.81812
3.27227
4.1539
4.21652
4.47347
4.62603
5.09422
5.43348
5.7857
6.23596
6.80816
8.29145
8.5256
11.3091
11.4473
12.1882
13.8074
14.4528
17.7069
19.358
19.9334
20.2165
20.7931
21.3604
22.2558
22.268
27.7235
28.3191
33.0146
33.4397
36.3448
37.1493
37.7681
38.129
39.1328
40.2915
40.4865
40.5814
41.4244
42.1152
43.6874
43.8715
44.5988
44.7005
45.3501
45.8084
46.0033
46.2527
46.7299
47.6293
48.1453
49.9021
50.3515
50.6199
50.7802
55.2331
58.1161
58.74
59.5055
60.4785
60.8664
62.557
62.8804
67.1919
68.2103
68.2268
68.9464
71.9815
72.2547
75.0133
76.9369
78.5498
78.9675
80.1956
81.2014
83.2548
87.3918
87.8209
88.9688
91.2792
92.058
92.1283
94.7481
94.8076
94.8315
95.6688
95.708
97.7809
98.7473
102.716
103.804
105.788
106.077
107.713
109.504
111.449
113.608
115.672
116.33
118.132
118.253
118.797
120.525
121.027
122.421
122.704
123.004
127.142
129.776
130.437
137.163
137.59
137.681
142.542
144.201
144.248
145.197
145.803
145.956
146.843
147.434
149.955
150.611
150.8
151.088
156.527
163.017
164.439
169.462
171.979
172.231
177.982
178.37
179.833
180.29
184.115
184.413
185.401
185.439
186.685
189.151
191.561
192.272
195.425
195.879
196.855
197.999
198.554
199.937
202.994
203.172
204.674
208.142
211.247
213.923
214.028
214.177
215.55
220.933
223.009
224.837
225.43
225.899
226.048
230.724
234.013
234.554
235.272
235.394
236.265
236.596
240.178
243.498
249.347
249.987
250.542
255.152
259.464
261.804
263.775
268.358
273.199
275.491
277.181
282.187
285.6
286.126
291.56
291.786
291.943
293.032
296.282
298.772
301.968
302.303
302.831
305.827
306.973
307.096
310.402
311.543
312.601
313.373
313.539
316.032
318.473
322.235
327.727
331.739
331.929
332.657
336.043
339.26
342.821
343.431
344.859
345.132
346.549
346.58
346.701
347.134
348.664
348.857
350.19
354.098
355.592
355.707
355.811
358.213
358.83
359.315
359.923
360.661
361.592
361.848
363.327
363.73
365.209
365.603
365.71
368.503
370.197
371.132
371.183
372.174
372.973
375.092
375.723
376.299
380.315
380.618
381.108
381.251
381.395
386.461
386.69
386.744
390.508
391.883
392.204
393.766
394.745
394.96
398.442
399.749
402.471
402.625
403.251
404.496
405.923
407.1
408.633
408.679
409.377
412.701
418.925
419.793
423.909
424.447
425.523
430.477
430.776
430.923
431.231
432.276
436.809
436.911
438.376
438.84
439.735
439.836
440.2
440.882
446.74
447.256
448.147
448.836
450.473
451.269
454.905
455.484
456.177
459.801
462.761
463.258
464.454
464.901
466.514
472.089
476.356
477.013
481.749
487.889
492.48
494.71
494.951
495.129
498.409
499.399
500.304
500.658
505.14
507.915
512.77
513.293
513.613
514.016
514.888
521.575
521.904
522.594
522.629
525.645
527.873
529.593
531.028
533.602
535.41
538.289
538.547
540.637
540.931
541.138
541.832
544.453
545.121
545.753
550.076
552.428
553.99
555.349
556.279
556.595
558.564
561.882
563.332
564.446
565.762
566.488
566.588
568.805
571.996
574.134
581.276
585.842
589.486
593.057
593.525
602.683
603.572
605.869
606.896
610.005
612.374
612.41
612.948
618.412
619.523
623.915
624.419
624.835
624.945
627.356
627.583
627.742
628.293
631.157
633.749
637.481
640.075
645.056
650.556
652.224
656.114
656.925
656.933
658.873
663.76
675.905
678.12
679.934
680.554
682.697
683.333
683.512
685.951
689.597
690.222
692.143
694.672
696.667
703.207
704.361
705.992
706.189
706.659
707.966
711.2
711.469
720.421
730.248
730.717
732.381
736.782
739.04
743.909
746.004
752.01
752.018
752.303
753.571
753.856
759.186
760.119
762.816
768.538
768.854
771.813
775.54
776.12
776.308
779.064
788.079
788.461
791.439
791.623
792.904
794.994
795.518
800.596
803.383
806.705
807.954
809.858
810.995
811.216
811.801
811.88
813.658
817.94
818.771
827.354
834.231
852.213
855.243
860.102
866.057
866.561
868.143
870.243
876.262
880.433
888.18
894.424
894.725
906.635
911.422
911.465
913.661
914.238
923.631
927.427
931.464
945.074
950.817
964.855
992.104
994.344
1014.12
1036.08
1037.7
1051.1
1094.11
1094.8
1159.48
1159.61
