0.828056
0.88656
1.40119
1.94529
2.28606
2.96538
2.97145
2.97281
3.36829
3.4308
3.6512
3.84251
4.64895
5.14718
6.0561
6.26585
6.29632
7.37968
7.53003
8.14377
8.5542
10.1268
11.3809
11.6613
12.2255
12.9818
14.5779
14.7892
15.1081
16.8485
19.8105
20.5808
20.8086
21.3306
21.7557
23.9883
26.4429
26.5857
26.6598
27.373
28.4921
29.4188
30.3577
32.6505
35.4987
36.4624
36.657
37.5983
42.2609
42.7529
43.4604
44.3589
44.4638
45.6241
46.6754
48.6593
53.2756
55.9075
56.6205
57.3081
59.0328
60.4795
61.5387
61.6086
61.8853
64.6125
65.0138
69.5177
69.6639
69.737
70.2546
70.6185
72.5495
72.575
74.5741
75.3328
79.0617
80.862
81.9835
84.0796
88.5791
89.2636
90.1553
91.3853
94.3816
95.3646
96.9752
102.66
102.713
103.344
105.79
107.177
107.92
110.338
111.553
111.622
112.905
113.38
113.504
113.806
115.747
115.952
116.956
117.754
119.438
122.369
124.221
128.819
129.041
130.257
131.029
133.163
134.987
136.254
138.727
142.198
147.731
148.746
152.735
156.553
157.539
158.393
159.976
165.341
165.903
167.716
168.911
174.182
175.969
177.198
178.871
182.118
183.336
185.085
185.945
187.882
190.911
192.474
192.879
193.613
196.838
197.943
199.924
200.608
204.12
205.411
205.609
206.028
206.826
207.061
209.507
211.129
211.582
220.858
225.098
227.457
230.734
231.074
232.373
232.659
235.791
236.885
237.853
238.866
240.628
241.741
242.336
243.132
243.284
244.473
245.223
250.331
250.786
251.018
252.178
252.425
254.842
255.208
257.875
262.357
265.342
265.603
270.742
271.275
273.207
277.381
277.623
280.086
281.202
282.923
283.033
287.269
287.373
289.756
290.978
307.012
310.138
313.461
313.73
314.957
315.334
316.956
318.091
318.204
318.539
320.748
321.283
324.308
325.14
325.289
328.228
333.386
333.399
334.111
335.358
336.597
336.91
340.306
341.253
342.703
344.774
346.759
349.139
349.725
351.112
353.162
354.855
358.601
358.635
360.163
360.72
361.535
363.298
365.244
365.762
367.936
369.116
371.101
372.872
375.138
375.584
375.706
376.002
376.497
384.315
388.651
390.133
390.291
396.148
398.523
401.742
402.184
403.4
404.171
406.079
411.108
412.678
417.418
417.856
418.258
420.123
423.091
424.779
425.21
428.757
429.638
431.936
439.739
440.803
440.92
441.064
441.452
442.755
444.371
446.615
449.26
451.001
451.008
451.134
451.236
454.022
454.219
454.22
454.992
456.935
457.624
464.283
468.254
469.13
469.994
474.176
474.806
478.113
478.163
480.136
480.799
480.877
483.156
483.433
485.893
486.198
486.905
487.325
488.388
492.187
494.734
496.136
499.122
501.187
503.012
503.839
505.069
505.87
512.064
513.719
514.089
520.522
522.161
522.741
525.903
529.464
530.175
532.424
533.506
534.01
534.18
537.94
546.462
549.146
556.776
558.412
563.662
564.477
565.316
569.885
570.48
571.424
573.501
574.459
576.764
584.186
585.224
586.484
587.462
589.348
589.435
595.244
596.089
596.312
596.527
598.217
598.267
600.076
602.872
603.632
607.64
612.156
613.539
616.227
620.436
623.326
626.839
628.768
635.412
638.031
638.669
643.133
643.415
644.959
645.891
654.031
655.163
658.198
659.716
662.722
665.025
666.188
666.98
669.099
669.976
670.098
680.794
681.402
683.479
691.462
695.214
697.632
700.99
702.688
703.924
704.358
707.106
709.237
709.949
712.227
712.546
718.098
721.33
722.368
726.04
726.548
729.419
729.815
730.346
733.731
738.843
739.718
744.911
748.425
748.522
751.381
753.495
761.885
761.991
762.611
763.434
766.478
766.767
771.281
773.184
774.025
778.528
779.259
781.485
783.642
785.976
790.832
795.438
796.355
806.249
808.016
808.604
817.232
825.743
827.249
831.782
834.52
837.107
839.909
840.129
844.323
856.867
858.47
859.636
860.788
861.679
864.133
864.217
870.109
872.364
874.241
875.714
877.022
883.519
884.332
886.172
892.836
893.114
897.62
897.701
900.071
903.725
905.391
906.443
908.022
909.66
914.776
918.557
919.49
919.639
920.504
921.656
928.212
934.382
935.031
940.805
946.373
946.584
949.769
969.971
976.681
980.002
985.173
995.039
998.464
999.724
999.73
1003.21
1009.8
1027.69
1035.39
1045.9
1070.97
1071.65
1097.96
1110.76
1157.75
1188.79
1202.36
1482.65
