0.198841
0.230483
0.264122
0.27119
0.315982
0.361405
0.378485
0.405609
0.557548
0.839622
0.892983
1.15257
5.69195
6.19511
16.6134
17.0868
18.3291
18.7612
19.9346
20.4461
21.8177
27.7167
27.7206
29.3372
31.0432
35.1568
39.6532
40.0706
40.6622
41.5856
44.3516
45.1365
45.6659
47.3563
48.4342
48.6511
49.5306
50.175
52.213
53.2393
60.3188
62.9668
71.4778
72.5209
75.883
76.8363
80.1611
80.2821
84.6242
94.7358
101.879
101.906
104.102
110.471
113.432
115.187
117.551
120.28
120.284
120.651
125.944
136.162
139.776
140.376
142.103
147.571
155.04
156.079
164.062
165.257
181.636
184.922
191.303
193.791
194.849
202.323
203.875
203.91
208.118
209.335
217.549
221.252
228.748
232.545
256.803
257.658
265.149
266.529
287.422
288.214
291.848
303.789
309.92
310.571
322.386
329.042
345.931
364.837
386.682
388.754
389.096
392.581
393.849
395.823
395.873
456.509
465.816
487.2
499.927
515.405
521.54
522.108
523.698
524.737
532.206
541.649
545.222
550.614
551.994
591.499
621.953
636.995
642.979
645.555
660.551
673.973
693.881
725.696
726.323
734.94
748.912
792.451
821.819
915.097
927.087
933.759
945.606
951.007
965.184
981.317
1022.67
1049.98
1063.79
1077.36
1103.71
1125.92
1147.36
1211.86
1215.52
1243.13
1263.09
1287.42
1304.95
1323.94
1364.68
1377.37
1413.4
1444.34
1523.46
1523.82
1557.34
1599.82
1657.29
1664.15
1685.67
1723.16
1763.38
1787.4
1875.22
2009.98
2025.06
2025.86
2037.88
2040.01
2090.79
2345.93
2397.34
2399.02
2485.53
2521.85
2598.21
2606.34
2654.18
2657.24
2779.38
2813.64
2975.09
3133.26
3255.68
3260.9
3266.92
3269.45
3281.65
3338.29
3563.64
3592.16
3696.27
3931.98
4148.66
4186.68
4266.48
4417.03
4687.62
4723.34
4845.44
4935.62
4947.27
5000
5000
5000
5000
5000
5000
5000
5000
5000
5000
5000
5000
5000
5000
5000
5000
5000
5000
5000
5000
5000
5000
5000
5000
5000
5000
5000
5000
5000
5000
5000
5000
5000
5000
5000
5000
5000
5000
5000
5000
5000
5000
5000
5000
5000
5000
5000
5000
5000
5000
5000
5000
5000
5000
5000
5000
5000
5000
5000
5000
5000
5000
5000
5000
5000
5000
5000
5000
5000
5000
5000
5000
5000
5000
5000
5000
5000
5000
5000
5000
5000
5000
5000
5000
5000
5000
5000
5000
5000
5000
5000
5000
5000
5000
5000
5000
5000
5000
5000
5000
5000
5000
5000
5000
5000
5000
5000
5000
5000
5000
5000
5000
5000
5000
5000
5000
5000
5000
5000
5000
5000
5000
5000
5000
5000
5000
5000
5000
5000
5000
5000
5000
5000
5000
5000
5000
5000
5000
5000
5000
5000
5000
5000
5000
5000
5000
5000
5000
5000
5000
5000
5000
5000
5000
5000
5000
5000
5000
5000
5000
5000
5000
5000
5000
5000
5000
5000
5000
5000
5000
5000
5000
