0.182238
0.192024
0.243287
0.266557
0.305479
0.310915
0.380992
0.676106
0.686061
0.791527
1.39007
1.45928
2.36824
5.14406
6.53264
15.4287
22.0835
25.9644
28.3671
29.4971
30.9912
31.8921
47.1176
48.0706
48.646
50.0011
53.3659
55.615
67.4628
75.033
77.5751
87.0753
87.3489
91.2283
92.8509
97.3246
98.713
104.459
107.923
108.565
109.473
110.53
117.41
122.461
143.527
154.931
161.139
163.707
163.954
170.387
172.319
173.193
178.672
179.347
179.652
189.505
192.672
194.298
198.115
198.503
200.78
205.049
211.977
214.357
215.677
221.905
246.767
258.657
261.376
263.564
272.81
273.137
284.452
284.688
291.605
294.535
308.804
313.92
315.507
329.367
333.406
353.049
354.147
378.104
409.737
417.716
423.411
437.118
443.232
445.507
453.081
464.755
479.856
500.998
504.783
509.732
510.676
519.204
546.779
579.444
627.873
659.644
680.664
696.833
705.913
713.164
727.333
731.047
748.273
752.541
774.861
796.763
822.269
823.013
826.215
826.699
888.935
897.84
905.508
924.459
992.103
1014.41
1037.99
1047.0
1047.21
1094.2
1163.83
1211.51
1214.67
1217.78
1255.88
1299.62
1367.12
1397.84
1402.72
1403.62
1488.44
1506.03
1508.88
1509.87
1518.74
1542.17
1637.41
1659.11
1661.42
1683.97
1685.61
1688.02
1729.51
1796.21
1809.85
1817.41
1822.66
1869.3
1903.06
1963.05
1989.23
2121.35
2217.14
2221.72
2251.66
2252.11
2503.24
2503.94
2818.24
2831.72
2834.43
3020.59
3052.16
3140.47
3144.99
3317.94
3342.41
3360.52
3392.13
3433.78
3469.13
3520.17
3590.36
3755.2
3756.24
3814.3
4099.05
4139.77
4172.65
4239.14
4387.29
4461.27
4483.24
4507.13
4601.22
4656.17
4663.89
5000
5000
5000
5000
5000
5000
5000
5000
5000
5000
5000
5000
5000
5000
5000
5000
5000
5000
5000
5000
5000
5000
5000
5000
5000
5000
5000
5000
5000
5000
5000
5000
5000
5000
5000
5000
5000
5000
5000
5000
5000
5000
5000
5000
5000
5000
5000
5000
5000
5000
5000
5000
5000
5000
5000
5000
5000
5000
5000
5000
5000
5000
5000
5000
5000
5000
5000
5000
5000
5000
5000
5000
5000
5000
5000
5000
5000
5000
5000
5000
5000
5000
5000
5000
5000
5000
5000
5000
5000
5000
5000
5000
5000
5000
5000
5000
5000
5000
5000
5000
5000
5000
5000
5000
5000
5000
5000
5000
5000
5000
5000
5000
5000
5000
5000
5000
5000
5000
5000
5000
5000
5000
5000
5000
5000
5000
5000
5000
5000
5000
5000
5000
5000
5000
5000
5000
5000
5000
5000
5000
5000
5000
5000
5000
5000
5000
5000
5000
5000
5000
5000
5000
5000
5000
5000
5000
5000
5000
5000
5000
5000
5000
5000
5000
5000
5000
5000
5000
5000
5000
5000
5000
5000
5000
5000
5000
5000
5000
5000
5000
5000
5000
5000
5000
5000
5000
