0.192877
0.231002
0.282786
0.283768
0.318953
0.340195
0.341677
0.378524
0.639894
0.818449
0.860326
1.05242
1.63977
5.16567
6.26326
6.45135
19.4681
20.1831
24.1703
26.6469
31.6229
32.3591
36.0429
37.5122
40.5261
41.7157
43.4874
46.0702
47.1433
47.6741
48.6374
52.8495
55.491
59.4283
59.9212
62.8588
66.8231
67.8489
72.4691
75.0096
81.6158
86.36
89.7094
93.0615
93.2052
94.1194
99.8378
110.005
110.016
118.575
120.553
127.525
130.232
132.68
135.103
136.442
142.838
142.861
148.525
155.1
155.682
170.732
177.354
178.868
180.976
186.934
189.54
192.736
195.857
199.196
201.856
207.942
222.1
225.344
228.481
237.004
252.429
253.026
257.242
258.867
261.115
261.755
274.605
277.195
291.762
295.651
302.331
303.149
304.863
316.351
325.334
325.775
327.21
327.296
338.994
348.296
350.911
375.451
384.712
392.415
397.545
398.99
413.148
427.256
429.773
432.094
438.849
443.964
459.208
479.084
491.283
510.509
512.483
527.097
553.997
605.239
632.318
643.0
645.139
651.607
655.009
656.523
664.449
665.96
727.641
766.791
792.909
811.35
849.02
889.425
915.39
916.371
938.108
948.938
955.511
980.906
990.104
1017.5
1040.32
1083.89
1111.41
1115.36
1150.21
1167.55
1172.77
1173.1
1176.43
1191.82
1226.39
1241.89
1327.27
1337.34
1343.68
1345.02
1352.8
1412.12
1415.38
1445.92
1459.11
1491.62
1514.23
1578.55
1591.61
1648.43
1661.4
1791.83
1834.16
1838.51
1884.37
1892.89
1898.71
1966.67
2035.61
2098.56
2109.82
2124.28
2138.61
2196.93
2250.89
2276.87
2279.09
2304.8
2315.45
2347.79
2383.68
2629.42
2642.81
2676.96
2841.99
2990.58
3014.65
3085.69
3261.03
3428.19
3695.83
3778.16
3935.13
3989.75
4070.59
4232.15
4411.0
4428.66
4625.34
4733.57
4962.01
5000
5000
5000
5000
5000
5000
5000
5000
5000
5000
5000
5000
5000
5000
5000
5000
5000
5000
5000
5000
5000
5000
5000
5000
5000
5000
5000
5000
5000
5000
5000
5000
5000
5000
5000
5000
5000
5000
5000
5000
5000
5000
5000
5000
5000
5000
5000
5000
5000
5000
5000
5000
5000
5000
5000
5000
5000
5000
5000
5000
5000
5000
5000
5000
5000
5000
5000
5000
5000
5000
5000
5000
5000
5000
5000
5000
5000
5000
5000
5000
5000
5000
5000
5000
5000
5000
5000
5000
5000
5000
5000
5000
5000
5000
5000
5000
5000
5000
5000
5000
5000
5000
5000
5000
5000
5000
5000
5000
5000
5000
5000
5000
5000
5000
5000
5000
5000
5000
5000
5000
5000
5000
5000
5000
5000
5000
5000
5000
5000
5000
5000
5000
5000
5000
5000
5000
5000
5000
5000
5000
5000
5000
5000
5000
5000
5000
5000
5000
5000
5000
5000
5000
5000
5000
5000
5000
5000
5000
5000
5000
5000
5000
5000
5000
5000
5000
5000
5000
5000
5000
5000
5000
5000
5000
