1.84593
3.1942
3.25774
6.27044
7.87181
11.1562
11.6169
16.9885
18.1163
19.5206
22.7685
23.4598
27.5023
34.7927
37.8721
39.3054
42.9714
44.1961
47.6092
50.6868
51.382
52.9444
54.36
57.1386
57.1731
58.3865
60.7086
61.0897
61.1665
61.2392
66.7986
67.9547
74.5104
75.132
80.7203
85.4063
86.851
87.1942
87.6355
90.3084
94.3716
95.0146
105.584
115.528
119.606
132.23
148.535
148.69
150.882
158.185
162.258
167.487
169.991
170.074
175.718
176.746
178.68
179.852
181.49
185.444
201.219
202.587
203.937
206.997
209.244
212.08
222.2
222.915
226.184
226.341
236.975
247.9
254.829
260.436
265.498
285.211
287.622
296.777
305.652
327.89
332.29
350.009
351.111
370.121
373.492
388.627
399.15
408.748
419.351
446.144
447.815
448.695
450.581
478.927
479.015
482.83
484.197
489.326
491.795
503.337
520.776
552.204
566.868
578.999
581.67
629.505
649.413
657.421
658.37
666.754
684.582
691.606
697.62
713.433
759.354
762.678
773.311
794.049
840.047
849.941
881.483
901.702
902.554
910.808
979.507
1003.29
1029.51
1034.14
1045.55
1056.66
1064.44
1079.23
1124.68
1144.68
1145.9
1180.07
1240.82
1248.16
1280.38
1353.48
1375.09
1419.58
1433.47
1481.31
1512.21
1525.34
1575.21
1598.68
1679.43
1688.38
1728.35
2020.19
2028.59
2048.05
2262.01
2311.79
2318.08
2364.89
2445.18
2488.56
2523.01
2557.6
2650.57
2776.99
2923.12
2936.1
3005.3
3344.96
3390.42
3431.02
3764.69
3864.84
3932.11
3936.97
3983.67
4218.55
4364.15
4459.71
4498.98
4549.09
4588.11
4658.22
4677.57
5000
5000
5000
5000
5000
5000
5000
5000
5000
5000
5000
5000
5000
5000
5000
5000
5000
5000
5000
5000
5000
5000
5000
5000
5000
5000
5000
5000
5000
5000
5000
5000
5000
5000
5000
5000
5000
5000
5000
5000
5000
5000
5000
5000
5000
5000
5000
5000
5000
5000
5000
5000
5000
5000
5000
5000
5000
5000
5000
5000
5000
5000
5000
5000
5000
5000
5000
5000
5000
5000
5000
5000
5000
5000
5000
5000
5000
5000
5000
5000
5000
5000
5000
5000
5000
5000
5000
5000
5000
5000
5000
5000
5000
5000
5000
5000
5000
5000
5000
5000
5000
5000
5000
5000
5000
5000
5000
5000
5000
5000
5000
5000
5000
5000
5000
5000
5000
5000
5000
5000
5000
5000
5000
5000
5000
5000
5000
5000
5000
5000
5000
5000
5000
5000
5000
5000
5000
5000
5000
5000
5000
5000
5000
5000
5000
5000
5000
5000
5000
5000
5000
5000
5000
5000
5000
5000
5000
5000
5000
5000
5000
5000
5000
5000
5000
5000
5000
5000
5000
5000
5000
5000
5000
5000
5000
5000
5000
5000
5000
5000
5000
5000
5000
5000
5000
5000
5000
5000
5000
5000
5000
5000
5000
5000
5000
5000
5000
5000
5000
5000
5000
5000
5000
5000
5000
5000
5000
5000
5000
5000
5000
5000
5000
5000
5000
5000
5000
