0.129267
0.184413
0.234947
0.243359
0.256496
0.290291
0.298057
0.682984
0.706196
0.756088
1.11449
1.86257
5.91539
14.1193
14.3133
17.7151
27.1951
37.8725
40.5847
40.9965
42.3323
42.4334
42.692
45.9398
49.9674
54.6678
54.7495
58.8108
61.1222
61.9695
62.8835
68.4438
69.1683
70.5163
73.5022
76.9959
77.906
78.3271
79.3801
92.5739
98.2119
98.7834
107.619
108.198
108.913
109.665
122.054
122.54
129.539
130.494
135.283
138.163
154.9
155.896
156.792
160.67
161.519
166.971
167.306
172.044
172.139
173.961
176.335
177.568
178.954
191.413
199.767
209.59
213.992
216.526
224.647
228.357
245.685
261.621
267.276
272.155
272.857
277.754
296.695
300.581
311.053
315.324
323.352
334.582
337.987
342.037
348.465
368.887
383.11
384.403
394.178
414.823
415.74
446.751
449.939
451.607
459.964
461.013
467.826
473.967
497.101
516.324
524.241
535.852
563.232
580.838
588.027
589.523
593.358
599.178
603.494
617.9
624.831
628.107
629.134
630.677
668.874
675.917
688.266
716.139
722.16
769.8
799.014
803.267
844.14
849.244
923.165
946.328
949.683
960.094
1005.08
1029.82
1089.84
1095.03
1121.82
1126.9
1139.53
1238.27
1298.42
1325.91
1335.86
1341.42
1342.95
1372.09
1427.73
1493.87
1495.34
1496.33
1500.49
1565.17
1686.21
1707.6
1727.26
1732.1
1823.22
2087.91
2260.67
2304.29
2337.51
2341.74
2346.18
2539.78
2606.78
2677.21
2680.88
2769.12
2881.53
2889.95
2890.07
2939.05
3014.17
3161.72
3356.42
3468.34
3471.23
3581.31
3668.1
3671.49
3736.15
3747.81
3861.06
3870.46
3871.69
3942.87
4008.6
4013.1
4086.22
4184.57
4390.12
4399.53
4569.32
4614.68
4672.9
4696.75
4876.26
4964.17
4977.43
5000
5000
5000
5000
5000
5000
5000
5000
5000
5000
5000
5000
5000
5000
5000
5000
5000
5000
5000
5000
5000
5000
5000
5000
5000
5000
5000
5000
5000
5000
5000
5000
5000
5000
5000
5000
5000
5000
5000
5000
5000
5000
5000
5000
5000
5000
5000
5000
5000
5000
5000
5000
5000
5000
5000
5000
5000
5000
5000
5000
5000
5000
5000
5000
5000
5000
5000
5000
5000
5000
5000
5000
5000
5000
5000
5000
5000
5000
5000
5000
5000
5000
5000
5000
5000
5000
5000
5000
5000
5000
5000
5000
5000
5000
5000
5000
5000
5000
5000
5000
5000
5000
5000
5000
5000
5000
5000
5000
5000
5000
5000
5000
5000
5000
5000
5000
5000
5000
5000
5000
5000
5000
5000
5000
5000
5000
5000
5000
5000
5000
5000
5000
5000
5000
5000
5000
5000
5000
5000
5000
5000
5000
5000
5000
5000
5000
5000
5000
5000
5000
5000
5000
5000
5000
5000
5000
5000
5000
5000
5000
5000
5000
5000
5000
5000
5000
5000
5000
5000
5000
5000
5000
5000
5000
5000
5000
5000
5000
5000
5000
5000
5000
