1.6421
2.93066
3.58094
3.98847
4.14975
4.42443
6.25165
10.1507
13.4613
13.8551
17.3151
20.3828
22.5554
29.751
30.9551
32.319
32.7668
33.3924
33.9754
34.1941
35.2554
40.0328
46.3727
48.285
55.2518
62.021
64.4261
72.064
72.6629
75.9377
77.0618
78.1803
83.02
85.3288
90.8643
91.0627
94.0182
94.8758
97.9476
101.519
103.68
120.37
129.29
131.968
141.684
143.681
145.666
149.835
152.131
153.83
162.853
164.319
175.429
176.758
197.759
199.43
206.641
207.515
214.948
226.873
246.743
258.971
264.371
266.57
269.305
271.071
281.919
283.338
283.858
313.256
328.772
337.6
350.522
351.171
352.355
375.877
386.647
390.55
407.262
418.373
427.525
431.159
432.18
439.172
451.472
459.825
465.359
465.783
475.977
480.114
490.324
496.851
509.952
522.568
536.157
543.175
558.235
572.825
585.298
600.387
609.358
614.081
633.415
646.898
663.324
695.188
699.654
715.709
734.666
749.31
802.009
869.116
883.025
897.161
921.259
936.652
1009.98
1045.23
1047.07
1050.85
1058.3
1089.51
1101.81
1123.16
1134.88
1213.17
1287.32
1291.54
1354.5
1368.0
1384.26
1388.94
1403.42
1410.34
1460.1
1502.04
1536.4
1551.82
1552.28
1613.01
1700.69
1758.67
1768.11
1869.61
1885.85
1889.1
1935.41
2007.4
2135.63
2136.88
2146.15
2170.23
2299.41
2332.9
2409.93
2411.46
2505.45
2565.9
2578.65
2614.18
2639.28
2681.26
2724.77
2837.52
2942.25
3142.86
3176.29
3326.3
3417.97
3535.73
3791.96
3808.94
3872.54
3950.57
4045.03
4084.05
4279.46
4367.81
4652.77
4840.57
4943.29
5000
5000
5000
5000
5000
5000
5000
5000
5000
5000
5000
5000
5000
5000
5000
5000
5000
5000
5000
5000
5000
5000
5000
5000
5000
5000
5000
5000
5000
5000
5000
5000
5000
5000
5000
5000
5000
5000
5000
5000
5000
5000
5000
5000
5000
5000
5000
5000
5000
5000
5000
5000
5000
5000
5000
5000
5000
5000
5000
5000
5000
5000
5000
5000
5000
5000
5000
5000
5000
5000
5000
5000
5000
5000
5000
5000
5000
5000
5000
5000
5000
5000
5000
5000
5000
5000
5000
5000
5000
5000
5000
5000
5000
5000
5000
5000
5000
5000
5000
5000
5000
5000
5000
5000
5000
5000
5000
5000
5000
5000
5000
5000
5000
5000
5000
5000
5000
5000
5000
5000
5000
5000
5000
5000
5000
5000
5000
5000
5000
5000
5000
5000
5000
5000
5000
5000
5000
5000
5000
5000
5000
5000
5000
5000
5000
5000
5000
5000
5000
5000
5000
5000
5000
5000
5000
5000
5000
5000
5000
5000
5000
5000
5000
5000
5000
5000
5000
5000
5000
5000
5000
5000
5000
5000
5000
5000
5000
5000
5000
5000
5000
5000
5000
5000
5000
5000
5000
5000
5000
5000
5000
5000
5000
5000
5000
5000
5000
5000
5000
5000
5000
5000
5000
5000
5000
5000
5000
5000
5000
5000
5000
5000
5000
5000
5000
5000
5000
5000
5000
