0.8673
1.28351
1.44665
1.68882
2.05434
2.69792
2.70202
3.18902
3.37835
4.38921
6.14051
8.66554
9.81331
11.4537
12.5608
14.8729
15.4482
18.6039
20.7665
24.2835
24.8379
25.7345
27.5291
28.195
29.1692
29.6223
34.4288
35.4869
36.5317
38.3656
40.7561
45.4512
51.8558
55.3982
56.203
60.0747
68.1946
76.2057
81.2026
81.7613
89.5352
89.8433
91.4125
91.6323
93.777
94.9162
95.3795
97.1876
105.272
106.919
109.833
123.359
126.377
127.333
142.32
146.682
148.083
175.334
176.45
189.505
192.314
192.83
207.403
221.388
223.366
231.089
236.072
241.493
246.478
247.297
257.26
263.933
272.733
274.525
279.393
281.623
290.346
323.365
328.167
331.036
346.251
372.468
383.233
391.369
396.83
417.407
440.956
448.271
465.219
469.721
476.816
477.491
492.042
502.324
508.951
519.792
525.287
548.281
562.604
573.711
584.572
585.925
588.729
589.245
602.476
608.907
618.429
623.455
635.671
647.353
662.265
667.996
682.425
738.703
788.581
807.038
817.822
841.84
844.426
853.434
861.008
863.714
867.759
919.407
920.905
980.685
1042.0
1079.2
1094.74
1126.88
1136.34
1169.93
1249.38
1297.24
1436.07
1691.6
1793.2
1989.93
2016.43
2117.79
2198.99
2304.26
2314.78
2342.72
2447.26
2460.58
2474.77
2561.69
2663.41
2709.14
2781.81
2823.78
3007.84
3084.37
3284.79
3332.56
3361.69
3379.69
3428.78
3435.14
3512.89
3523.96
3544.29
3958.22
4062.4
4064.31
4305.35
4313.51
4362.46
4506.32
4555.81
4850.54
4931.81
4955.88
5000
5000
5000
5000
5000
5000
5000
5000
5000
5000
5000
5000
5000
5000
5000
5000
5000
5000
5000
5000
5000
5000
5000
5000
5000
5000
5000
5000
5000
5000
5000
5000
5000
5000
5000
5000
5000
5000
5000
5000
5000
5000
5000
5000
5000
5000
5000
5000
5000
5000
5000
5000
5000
5000
5000
5000
5000
5000
5000
5000
5000
5000
5000
5000
5000
5000
5000
5000
5000
5000
5000
5000
5000
5000
5000
5000
5000
5000
5000
5000
5000
5000
5000
5000
5000
5000
5000
5000
5000
5000
5000
5000
5000
5000
5000
5000
5000
5000
5000
5000
5000
5000
5000
5000
5000
5000
5000
5000
5000
5000
5000
5000
5000
5000
5000
5000
5000
5000
5000
5000
5000
5000
5000
5000
5000
5000
5000
5000
5000
5000
5000
5000
5000
5000
5000
5000
5000
5000
5000
5000
5000
5000
5000
5000
5000
5000
5000
5000
5000
5000
5000
5000
5000
5000
5000
5000
5000
5000
5000
5000
5000
5000
5000
5000
5000
5000
5000
5000
5000
5000
5000
5000
5000
5000
5000
5000
5000
5000
5000
5000
5000
5000
5000
5000
5000
5000
5000
5000
5000
5000
5000
5000
5000
5000
5000
5000
5000
5000
5000
5000
5000
5000
5000
5000
5000
5000
5000
5000
5000
5000
5000
5000
5000
5000
5000
5000
5000
5000
5000
5000
5000
5000
5000
5000
5000
5000
5000
5000
5000
5000
5000
5000
5000
5000
5000
5000
5000
5000
5000
5000
5000
5000
5000
5000
5000
5000
5000
5000
5000
5000
5000
5000
5000
5000
5000
5000
5000
5000
5000
5000
5000
5000
5000
5000
5000
5000
5000
5000
5000
5000
5000
5000
5000
5000
5000
5000
5000
5000
5000
5000
5000
5000
5000
5000
5000
5000
5000
5000
5000
5000
5000
5000
5000
5000
5000
5000
5000
5000
5000
5000
5000
5000
5000
5000
5000
5000
5000
5000
5000
5000
5000
5000
5000
5000
5000
5000
5000
5000
5000
5000
5000
5000
5000
5000
5000
5000
