1.29826
1.34717
1.38463
2.40773
2.45109
2.45186
3.007
4.0488
4.18786
5.1848
6.29298
6.49047
10.2672
11.2626
11.8325
12.9703
15.48
15.5726
15.7373
17.0226
17.385
18.0507
18.9364
20.4736
20.4978
22.3032
23.8278
23.8598
26.7937
27.3884
27.6248
29.1715
29.5757
31.1383
31.8122
32.0582
33.068
34.0941
37.2081
37.3505
37.7282
39.6878
45.9835
46.5521
47.2415
47.5286
50.3174
50.4067
51.0933
51.1739
51.1839
51.1902
52.0219
52.5403
56.1039
56.6291
59.336
59.7904
61.1118
61.722
65.089
65.4754
68.0452
68.5918
69.8608
70.0002
70.5041
72.7151
73.7771
74.4954
76.5939
78.1793
79.0964
82.1009
84.5206
87.0741
87.47
88.5269
92.2476
94.2291
95.1437
96.8901
99.1206
99.7183
99.7207
101.75
102.91
105.977
106.706
108.637
108.79
109.878
109.945
110.928
112.636
115.092
115.806
117.44
118.817
118.899
120.103
121.987
122.264
123.459
123.626
123.859
123.93
125.723
127.508
127.914
127.953
130.471
131.659
131.813
132.3
132.47
132.832
133.125
134.316
135.335
137.079
140.237
143.117
146.104
148.919
150.27
154.039
154.12
165.339
166.78
168.679
170.118
170.592
172.586
173.556
178.318
179.626
180.459
183.229
183.62
191.752
193.685
195.169
199.744
208.331
209.064
210.94
212.791
213.829
215.599
218.01
220.456
220.822
221.954
222.742
223.309
228.617
230.112
232.579
233.036
235.125
237.897
238.376
238.421
238.589
247.381
249.673
250.816
254.62
256.832
257.956
258.726
259.985
260.42
263.087
264.194
266.249
270.157
271.356
275.074
277.115
277.471
278.645
280.533
283.487
284.033
286.906
291.727
291.942
293.514
294.602
295.699
296.222
300.644
301.159
301.375
304.193
305.003
305.507
306.593
307.297
315.401
315.719
316.104
317.142
317.181
319.946
321.157
324.758
327.596
328.043
329.493
331.259
332.911
333.249
333.3
334.789
335.712
336.985
337.038
339.173
340.241
340.464
344.383
344.677
344.842
346.457
350.027
350.13
350.17
351.06
352.343
354.81
356.409
356.649
358.386
359.105
362.787
363.546
363.875
363.888
365.718
366.81
368.216
368.296
368.461
369.713
375.969
376.229
377.603
377.671
377.677
377.72
382.518
383.441
384.084
385.35
394.793
395.084
399.276
401.413
401.873
402.239
402.346
402.832
404.491
405.93
406.173
410.992
412.044
415.492
417.579
417.599
419.855
422.403
422.844
433.532
434.88
434.985
436.518
439.189
439.485
439.983
440.501
444.01
450.28
451.358
454.931
461.586
465.971
468.874
471.075
483.023
483.859
484.658
487.386
490.594
493.48
494.105
494.553
495.258
495.712
498.815
499.691
501.225
501.838
503.497
505.095
509.265
509.388
511.722
512.98
515.532
516.888
524.562
525.908
526.327
529.753
533.328
538.133
540.544
541.931
543.818
545.081
548.446
549.555
555.437
558.683
560.38
562.262
563.826
568.338
569.242
569.503
575.641
576.412
581.339
583.841
584.454
586.802
589.158
591.833
593.556
593.779
601.46
603.598
606.324
609.059
610.968
618.538
621.484
625.437
636.734
639.591
641.241
645.527
648.606
650.106
651.765
654.155
655.397
655.656
661.096
667.406
668.061
675.316
677.058
680.965
681.119
681.134
683.796
685.849
694.008
694.103
694.449
694.753
700.206
701.515
702.785
710.988
720.141
721.581
729.273
732.482
733.586
736.188
738.208
742.403
745.207
747.028
751.454
753.69
760.989
765.063
768.368
770.706
771.844
776.84
782.669
786.645
788.228
795.04
800.169
802.042
802.379
806.618
807.166
807.986
809.238
811.001
811.827
816.341
817.957
818.988
824.23
827.052
830.229
831.511
836.771
838.21
842.728
843.228
845.799
846.383
847.145
848.172
852.875
856.475
859.36
863.551
866.994
868.755
872.743
875.092
875.713
877.463
886.6
891.449
892.162
898.953
901.415
903.815
908.999
916.66
920.942
928.581
930.261
934.544
939.339
941.795
942.401
945.81
946.931
949.43
953.845
954.659
957.958
970.197
971.922
975.117
975.22
981.589
982.702
984.294
988.006
990.148
995.982
998.697
999.245
1004.71
1006.22
1006.67
1020.44
1021.94
1023.12
1026.71
1036.09
1039.08
1065.22
1067.31
1072.96
1110.18
1122.0
1128.04
1128.42
1131.93
1133.87
1134.3
1140.32
1145.0
1153.71
1156.75
1173.59
1176.34
1190.53
1305.96
1440.16
1548.76
1781.54
1793.04
